252,242
252,243
252,244
253,242
253,243
253,244
199,101
199,102
199,103
200,101
200,102
200,103
271,57
271,58
271,59
272,57
272,58
272,59
505,309
505,310
505,311
506,309
506,310
506,311
517,175
517,176
517,177
518,175
518,176
518,177
470,140
470,141
470,142
471,140
471,141
471,142
378,175
378,176
378,177
379,175
379,176
379,177
494,72
494,73
494,74
495,72
495,73
495,74
662,102
662,103
662,104
663,102
663,103
663,104
714,192
714,193
714,194
715,192
715,193
715,194
666,280
666,281
666,282
667,280
667,281
667,282
855,58
855,59
855,60
856,58
856,59
856,60
875,118
875,119
875,120
876,118
876,119
876,120
749,174
749,175
749,176
750,174
750,175
750,176
933,231
933,232
933,233
934,231
934,232
934,233
931,271
931,272
931,273
932,271
932,272
932,273
747,325
747,326
747,327
748,325
748,326
748,327
1045,95
1045,96
1045,97
1046,95
1046,96
1046,97
1091,155
1091,156
1091,157
1092,155
1092,156
1092,157
1133,214
1133,215
1133,216
1134,214
1134,215
1134,216
1035,330
1035,331
1035,332
1036,330
1036,331
1036,332
1074,286
1074,287
1074,288
1075,286
1075,287
1075,288
1027,112
1027,113
1027,114
1028,112
1028,113
1028,114
1206,152
1206,153
1206,154
1207,152
1207,153
1207,154
1233,258
1233,259
1233,260
1234,258
1234,259
1234,260
1233,311
1233,312
1233,313
1234,311
1234,312
1234,313
1358,421
1358,422
1358,423
1359,421
1359,422
1359,423
1299,305
1299,306
1299,307
1300,305
1300,306
1300,307
1334,142
1334,143
1334,144
1335,142
1335,143
1335,144
1253,192
1253,193
1253,194
1254,192
1254,193
1254,194
1382,165
1382,166
1382,167
1383,165
1383,166
1383,167
1260,223
1260,224
1260,225
1261,223
1261,224
1261,225
1369,284
1369,285
1369,286
1370,284
1370,285
1370,286
1404,269
1404,270
1404,271
1405,269
1405,270
1405,271
1507,213
1507,214
1507,215
1508,213
1508,214
1508,215
1549,166
1549,167
1549,168
1550,166
1550,167
1550,168
1590,178
1590,179
1590,180
1591,178
1591,179
1591,180
1537,131
1537,132
1537,133
1538,131
1538,132
1538,133
1643,119
1643,120
1643,121
1644,119
1644,120
1644,121
1633,158
1633,159
1633,160
1634,158
1634,159
1634,160
1666,141
1666,142
1666,143
1667,141
1667,142
1667,143
1751,85
1751,86
1751,87
1752,85
1752,86
1752,87
1397,245
1397,246
1397,247
1398,245
1398,246
1398,247
897,388
897,389
897,390
898,388
898,389
898,390
959,64
959,65
959,66
960,64
960,65
960,66
329,302
329,303
329,304
330,302
330,303
330,304
1310,262
1310,263
1310,264
1311,262
1311,263
1311,264
1467,191
1467,192
1467,193
1468,191
1468,192
1468,193
1194,365
1194,366
1194,367
1195,365
1195,366
1195,367
1083,372
1083,373
1083,374
1084,372
1084,373
1084,374
1006,203
1006,204
1006,205
1007,203
1007,204
1007,205