517,1659
886,1094
483,1380
935,759
583,783
801,956
395,1236
548,1478
374,1367
269,1767
469,1162
617,831
378,1371
541,1199
671,951
871,1048
493,1196
618,1058
630,1274
538,1021
789,1098
389,1348
526,909
714,1556
414,1317
598,1406
408,1764
419,1261
653,895
482,755
491,813
278,1861
618,1248
672,1323
820,788
740,849
593,1328
309,936
648,1673
781,815
390,925
397,1597
444,1163
504,1191
657,1542
898,777
386,1035
695,1495
347,853
548,1419
357,955
945,1116
776,879
645,1066
606,1588
402,1723
532,775
297,1835
428,1665
513,1443
447,1098
581,1475
574,1111
368,1867
314,864
485,1368
734,1423
765,1131
932,803
447,960
881,874
526,1328
819,1066
535,951
502,1744
543,1222
497,897
459,1121
551,908
684,841
656,914
441,1095
823,924
578,1421
319,894
547,1364
596,1689
608,1375
350,1609
828,841
428,1751
551,1649
908,814
513,1480
936,806
383,1340
788,1160
317,1848
911,990
462,1606
482,1787
535,1426
361,1378
450,888
614,1301
541,1513
524,1059
608,1667
436,1794
419,1381
590,1319
641,931
738,866
360,998
459,781
371,1170
936,878
661,839
869,1141
513,1018
290,1852
706,1502
559,1334
413,1725
722,950
375,1079
449,1342
667,770
576,900
501,1305
303,1566
597,1299
824,814
836,1158
736,1200
865,1148
915,1005
640,891
405,1474
521,800
895,1020
692,1618
591,910
931,1028
716,1405
369,919
407,1083
403,1132
693,749
388,866
562,1653
429,1520
460,1182
361,1398
832,887
945,1139
956,1023
498,1142
835,1117
641,1293
554,996
389,1626
948,1043
688,1449
450,1099
897,1186
679,1228
441,839
644,830
406,1506
492,753
373,1119
513,1637
541,1216
392,1602
506,1416
481,1786
744,1108
699,789
699,1567
319,1012
650,999
725,1272
441,1183
378,1846
486,1506
623,953
762,960
345,1783
307,977
277,1731
577,1022
517,1739
748,856
654,1497
645,1350
741,851
737,1045
342,894
659,754
335,1669
394,1335
638,1678
609,1524
844,1072
449,1305
673,1578
824,793
416,1095
482,1104
844,1195
487,1157
635,841
669,1631
525,1382
502,820
552,810
352,1851
665,1038
550,1259
697,1615
563,1620
582,1284
784,911
454,1262
618,860
598,1591
602,1576
429,1505
578,1041
438,982
335,1495
421,1426
405,1126
668,1443
645,1338
316,937
969,971
860,1175
297,1645
839,758
570,1532
571,1223
641,1103
786,1160
450,1186
380,1684
384,1110
831,1090
418,1025
481,973
388,1052
669,1196
662,1155
721,895
311,1733
468,1200
371,1591
454,1427
431,1652
350,1357
625,1016
646,1542
429,1119
737,881
549,775
743,1118
841,758
918,856
504,1281
418,828
415,1056
443,1168
769,1094
570,786
709,1414
503,1673
488,1354
650,1509
604,788
803,929
737,1585
455,954
929,1136
540,1056
394,1852
624,789
785,1166
575,1544
401,1056
437,1744
442,974
713,1094
504,1210
368,1531
363,1000
439,1268
625,1132
872,793
660,1403
685,1263
567,1459
373,1295
841,851
662,1298
603,1298
436,1232
523,835
538,1699
881,1053
756,965
815,1037
431,911
690,1110
488,1043
687,1602
837,1062
367,1819
562,1632
800,1039
624,1081
927,1158
870,1161
613,774
942,783
357,1125
959,968
661,1573
666,788
358,1121
284,1688
666,1171
292,1806
917,1068
337,815
537,1517
968,1164
532,1309
717,873
696,797
871,1177
380,1276
598,1072
301,1756
304,1805
683,976
912,795
449,1033
591,1504
407,922
809,1131
329,964
286,1816
669,831
570,1531
605,1096
617,1450
966,874
862,825
475,1156
409,1077
899,815
901,1158
835,948
528,793
561,1488
720,885
762,972
485,1250
480,1258
552,1464
714,1586
495,1553
689,1477
480,1305
460,1622
733,1090
394,1592
582,1271
404,1566
692,960
484,1519
804,848
360,1319
525,1187
439,1668
728,1483
542,801
437,1137
392,1032
577,1698
612,1122
674,914
885,913
682,843
325,1046
354,1767
402,1860
699,969
652,1202
774,840
569,1731
401,1809
486,1270
401,1370
552,959
473,1741
732,1599
638,1115
613,1010
697,1380
839,945
487,1638
279,1569
323,842
351,1689
416,1704
857,1189
603,1155
425,1226
304,1833
630,1380
481,840
678,1637
629,831
267,1616
720,1437
703,857
418,1121
701,1079
277,1850
507,1345
429,1748
284,1613
395,1761
502,1569
628,1085
487,1129
527,797
456,831
618,1468
321,1029
469,1422
464,1355
589,1373
366,1824
405,1102
478,1754
511,1161
415,1304
376,1071
787,835
561,1741
544,1675
591,1253
378,1699
633,1381
431,1754
323,830
373,1139
578,1390
605,1139
345,850
346,1097
447,766
374,1083
692,1638
502,833
791,997
567,1317
452,1387
448,1237
309,1815
898,783
391,1424
779,1193
648,1249
429,1252
560,1126
597,1050
359,955
348,1009
318,857
864,1107
686,1519
284,1763
547,1469
508,1106
813,1016
730,1305
336,823
509,770
299,1849
696,1390
318,1860
383,889
401,1561
581,1197
808,998
389,1400
811,932
467,1135
461,977
855,1059
391,1431
946,793
440,1718
888,975
291,868
578,1218
907,759
810,781
380,1147
802,1036
403,1256
738,933
798,1056
877,1159
366,1473
454,835
514,1539
267,1646
527,915
549,1731
535,1544
898,1102
666,1243
628,1233
787,960
669,1307
448,908
839,1086
484,1148
533,1768
739,895
413,1256
350,1776
599,988
464,1606
681,1399
294,1695
703,1118
463,1132
954,755
729,1550
726,1142
427,907
684,1197
370,1311
537,1706
794,1030
920,1171
469,1464
725,1340
610,1511
595,1696
654,763
537,1459
528,925
514,1486
736,1269
344,1708
429,1442
627,1653
420,880
626,1275
902,968
779,885
909,880
946,822
360,984
390,1300
533,1030
858,837
332,1769
723,756
848,956
684,1394
763,946
623,1179
516,782
678,1408
707,1360
739,944
745,981
539,926
879,792
617,1470
723,865
570,1184
375,1747
539,1121
273,1707
864,1056
725,1152
883,871
694,1323
859,1073
468,1575
876,769
967,1008
458,800
418,1626
852,1148
723,1242
560,1537
280,1700
525,1283
510,1474
428,1469
443,1541
587,1718
732,1291
883,1176
650,1381
437,1596
762,752
651,1613
687,1604
524,1621
396,849
536,802
668,1366
510,1681
465,1302
669,770
470,924
881,776
443,1022
458,1206
777,1197
605,1232
637,755
806,1092
594,843
713,1198
754,1066
459,1331
947,968
657,1255
627,1331
842,1132
476,1031
583,1502
476,1772
867,763
838,1151
713,1418
644,986
374,1333
551,1573
319,1433
639,959
555,834
438,1841
363,845
769,974
331,993
516,987
470,1813
288,1691
419,1384
823,996
391,937
460,1624
706,903
404,1728
654,1114
476,1236
487,1701
633,1620
619,1645
443,752
316,967
313,938
891,1183
766,1161
649,1320
679,930
570,1175
793,871
459,1830
894,903
655,1577
462,864
716,1296
604,910
374,1629
512,1573
321,1772
438,976
721,1093
439,1194
936,1144
783,1110
687,774
410,1852
420,865
681,1240
543,1195
667,805
492,1338
571,1537
290,1851
357,1696
516,1023
692,1184
710,1061
599,1699
346,1042
536,1086
296,1681
688,1014
495,1141
377,1053
629,1291
947,1058
474,1723
693,1416
448,1096
728,908
472,1404
548,800
916,1183
888,931
544,1445
803,1201
834,785
265,1824
310,1460
828,927
891,788
385,1412
733,1216
818,974
816,819
290,1659
363,816
658,811
450,1071
645,1053
372,1624
388,1479
948,936
895,1047
298,1861
539,1398
420,1292
472,1442
685,1368
662,1113
471,1456
437,1614
342,921
919,1053
272,1819
440,1808
478,1641
430,1261
483,1107
423,1727
448,1281
673,1544
382,876
556,1692
334,1747
668,1661
516,771
356,1487
412,1151
579,945
583,1622
509,1598
465,820
502,1260
661,1364
892,1072
595,1379
737,753
755,1047
609,1654
575,1545
747,977
706,1460
480,1642
708,1430
363,807
390,1401
788,858
429,1130
386,1755
482,1533
639,885
548,1267
962,1113
363,949
775,964
533,1001
580,1419
928,1045
527,1062
688,1321
352,1738
640,779
735,793
590,1368
588,1083
711,1514
381,875
721,1378
352,940
389,1429
631,854
482,1666
465,821
570,1527
827,916
389,1311
878,874
400,1030
496,1575
597,1600
490,1214
753,916
841,1108
406,1438
524,1014
340,1482
394,1201
460,1457
526,1065
432,947
500,1105
382,1150
580,1438
562,1712
439,998
398,1283
549,917
905,899
655,1053
419,1764
498,1167
273,1725
420,1590
570,1568
682,937
314,1824
871,880
688,772
602,1280
419,1280
580,1174
533,1057
696,1619
601,1276
354,1709
666,935
391,916
467,1558
819,871
445,1237
559,932
421,948
309,979
605,1570
430,1614
269,1598
624,996
731,765
487,1595
337,1064
761,1103
647,1196
565,1711
349,1102
721,1283
732,1343
373,1418
411,812
905,969
381,1294
652,1614
352,1381
947,1145
457,928
518,1552
435,780
415,1360
827,759
732,789
293,1606
641,1121
952,1149
709,784
383,1134
326,1434
544,885
289,1580
669,1641
542,924
497,835
430,1598
729,1297
391,1197
736,911
909,974
627,1362
899,1059
512,1252
593,1589
556,1711
548,823
423,1566
384,1161
378,1300
416,1817
664,1642
646,837
583,837
729,1200
447,1262
471,1709
497,1092
534,846
268,1832
385,1228
389,1839
547,1277
590,1613
340,1427
383,784
839,1164
570,1253
591,1421
364,1440
735,1473
776,1194
763,1150
584,1094
709,1481
579,1188
465,1703
821,849
448,1219
605,985
588,1265
802,1012
614,1525
807,1009
674,1003
640,1399
579,1220
546,1650
407,1219
455,1444
772,929
624,1191
481,1709
731,1266
767,771
306,1483
823,956
890,1174
374,1190
548,909
501,920
692,945
343,816
606,1413
615,1531
411,1007
543,784
494,830
897,1172
378,1420
435,857
375,1491
417,834
691,1099
289,1752
543,1239
400,1645
515,1495
376,1156
448,1800
523,1200
731,1228
391,1319
813,851
335,1804
394,1387
522,934
640,1029
828,1111
737,1397
357,1356
618,1015
387,897
349,1627
356,1528
678,1281
307,1638
731,1056
917,1198
635,1568
519,1190
393,1280
376,1018
487,1410
517,800
748,1182
903,821
765,1111
451,1324
383,1777
549,1622
494,1081
598,1417
398,1102
961,956
627,752
596,892
645,1358
489,1223
302,881
665,1058
417,1548
674,1020
646,1321
337,1520
602,803
966,903
945,845
737,1316
314,1565
640,1005
466,1214
598,1297
922,1166
472,1057
486,984
970,968
893,847
930,946
681,1444
460,1447
421,1824
713,1092
458,1178
361,1133
952,977
272,1855
771,960
546,966
827,1109
413,1636
969,1054
453,1274
725,1386
815,1120
629,1375
579,1694
575,1623
887,768
393,1218
641,1414
677,814
757,873
662,1331
464,1692
555,982
427,971
481,1517
444,963
531,1445
282,1743
685,1454
643,1155
475,1431
469,1127
895,872
628,963
388,1420
851,807
467,1281
739,808
883,1054
515,1025
495,1711
421,1662
748,1191
477,1384
489,1751
581,1238
704,850
594,1366
413,1100
762,1000
460,1542
662,1074
645,889
380,779
563,1031
356,1557
483,1270
915,813
504,1040
563,1485
309,1772
743,907
621,1223
553,1478
672,1308
566,1080
668,1023
819,791
285,1787
523,1151
667,1565
616,1289
651,1306
455,1134
439,1847
364,1156
396,1034
424,1440
455,1681
632,1379
615,1490
333,962
550,1075
714,1436
464,812
611,942
553,1022
438,1439
273,1744
517,1348
696,1363
281,1526
423,1249
466,1172
367,1643
648,1534
567,1079
585,916
401,861
321,1823
821,1120
688,1426
413,1166
684,1287
360,1799
944,926
481,780
672,823
586,1584
638,1272
427,1553
890,1141
650,1082
771,1046
333,1719
840,1048
643,1228
733,760
710,967
623,749
384,1340
795,988
585,1222
597,1040
830,1131
487,1378
361,1804
663,920
493,1691
419,1754
307,1646
922,1130
345,1562
969,787
756,1082
634,1374
391,1820
762,789
723,1343
712,1351
946,1036
517,892
687,1181
557,1560
409,1328
541,1309
697,1035
640,805
965,1108
696,1431
654,1253
560,757
475,1733
391,1086
507,1118
400,1144
533,768
575,1471
905,1110
655,1396
536,968
515,1447
429,979
473,1088
517,1512
296,1523
753,1128
872,1082
964,892
873,919
420,993
371,810
570,854
543,1102
596,1110
607,969
366,976
297,1610
951,784
684,1047
365,952
649,1097
696,1588
876,824
834,818
606,1621
585,883
506,1705
436,1090
671,1254
536,1627
858,909
785,1075
731,1420
334,1000
511,1435
483,1743
547,1507
439,1479
293,1637
941,1110
293,1797
543,1030
574,828
393,1704
560,1553
943,1166
681,1384
722,985
546,1648
790,1191
334,1243
384,1771
930,909
367,1629
752,1107
447,965
502,917
783,950
468,1428
272,1728
388,1013
926,793
490,1301
625,1475
411,794
712,1228
694,1592
516,788
383,827
869,1004
654,1445
674,790
745,765
885,950
397,1399
728,800
600,1148
615,1004
830,868
662,1619
448,1045
515,1710
510,1492
419,1296
361,961
470,1745
669,962
325,1834
487,1080
429,774
617,1459
500,1197
620,1145
498,1148
413,1094
526,1536
489,1712
798,1198
389,998
919,831
956,1187
460,1334
873,951
669,1188
795,772
749,995
764,829
621,794
509,1174
545,1529
335,1401
518,1651
622,1549
628,1702
351,1396
281,865
599,1163
320,1469
470,754
629,1198
634,1578
303,877
546,1321
776,992
719,1112
759,775
327,1497
294,897
381,1370
511,1790
618,1509
711,1511
416,1087
695,832
584,1713
633,1387
439,1654
665,971
417,1199
492,1273
546,973
879,1063
497,1717
641,1344
412,1064
369,1549
862,909
916,1152
702,1128
742,1017
466,775
368,1336
620,1157
386,1199
733,1076
514,1437
455,1187
486,1231
572,1010
387,1365
322,1567
504,978
778,1057
282,1605
332,1486
453,1399
532,1395
725,1469
486,1062
928,767
724,1012
404,1646
594,1118
634,1197
551,758
416,1618
293,869
530,1399
904,899
361,1720
491,1756
551,1683
364,1686
707,1426
686,1489
598,777
628,1317
611,1237
771,840
509,1724
671,1387
335,1068
346,1402
664,1677
711,856
448,1340
689,1398
483,821
935,1193
656,1432
384,1158
313,1645
449,1590
941,759
877,1135
859,1020
787,923
327,1000
439,1280
441,1438
369,1863
738,1138
634,1162
791,1004
613,1599
543,752
405,861
333,956
555,1443
952,986
460,1790
940,891
280,1534
656,989
909,873
334,1512
577,1345
700,1423
516,897
862,800
598,1390
814,1157
750,776
571,1420
407,1540
345,1673
512,1794
734,1109
444,1145
456,1116
684,1327
959,1059
631,1317
343,1810
768,1073
405,1009
518,1261
776,952
778,1168
627,772
722,758
276,889
719,1166
529,1644
842,815
692,1166
378,1640
461,970
655,1146
394,912
719,1234
741,1100
570,1074
521,1521
935,1002
362,1696
817,773
636,1150
691,1110
599,874
911,917
375,1034
323,1658
527,1127
954,935
628,1478
475,1546
596,821
557,1354
526,820
432,1150
358,1457
733,1611
793,937
378,1436
690,770
916,949
575,862
783,1136
382,1689
907,909
483,956
568,1704
732,1199
741,816
894,1111
906,1032
655,1126
666,772
330,996
621,1643
440,1519
899,1105
687,1312
871,952
590,1650
952,1069
635,1618
766,1157
572,980
782,751
698,758
380,1347
481,757
403,1579
326,1553
551,761
692,914
890,1051
583,1526
653,1070
653,1167
376,1836
658,1548
286,1752
695,1310
502,1563
681,964
485,1621
583,1717
281,891
960,1089
450,1638
734,1154
328,1848
682,1230
588,1488
680,1235
487,1413
475,1003
499,1724
403,993
581,916
623,835
290,1509
406,1008
587,1247
639,1139
411,1073
670,1335
545,830
579,1190
359,1382
730,1467
375,1496
368,1448
665,1573
929,1027
554,1546
664,1650
815,1034
537,1054
337,1780
899,851
450,781
272,1685
589,753
430,912
945,872
733,1616
639,1163
359,1750
576,1664
590,1317
926,865
651,1044
702,1380
969,1037
477,818
560,1708
641,1186
659,1677
403,1491
511,1122
462,1067
970,1085
596,810
874,824
705,787
735,963
338,1066
691,1270
797,985
540,1017
862,1168
395,1729
907,1034
343,1797
514,755
600,1437
539,1465
703,1102
685,1238
525,861
823,1034
460,1452
755,1148
676,1482
564,1271
523,781
564,778
288,1613
529,1719
488,947
265,1673
517,952
504,787
345,1414
494,1299
889,932
602,1621
544,947
514,1338
703,1282
734,1435
396,1439
433,926
314,912
481,1405
856,1165
390,1258
497,881
762,917
533,841
667,1539
651,811
578,1211
705,1440
432,1709
762,1172
564,768
918,1157
451,1611
756,1185
673,1668
665,899
640,845
529,1433
742,1067
569,1172
515,1511
716,974
378,1192
464,1144
581,1233
810,1146
472,1146
284,1673
541,944
648,1464
704,1441
725,874
505,894
517,951
853,826
420,1578
805,1111
702,908
318,1661
622,836
722,891
395,945
529,1736
347,888
543,826
425,749
750,1123
664,1316
408,1340
326,1754
837,972
466,1057
466,765
537,1058
434,1302
602,1106
701,858
567,955
423,1837
662,1100
964,825
457,764
607,1228
613,1055
494,762
340,965
525,1626
527,1059
590,1528
711,944
760,879
594,822
638,1130
622,1233
501,1028
426,1434
619,1261
934,1066
871,910
417,814
698,1322
281,1709
502,1749
783,982
681,1618
365,902
424,846
477,1714
686,820
659,1598
330,1566
471,1751
743,905
538,1048
287,1833
684,756
300,1728
387,769
482,1348
562,1564
359,1367
793,1162
876,809
761,919
714,1385
365,1497
572,1454
800,1169
901,960
600,978
717,1148
733,1613
494,1119
396,1623
382,1188
413,1147
493,1414
381,1570
668,835
678,1229
325,965
904,958
343,1391
357,1409
584,1451
418,1551
586,1729
962,885
311,1715
820,929
432,974
451,1145
676,1133
869,888
525,1491
339,842
395,1787
435,1302
453,1668
562,833
451,1263
311,1455
658,1283
474,1549
471,1582
691,1080
468,1084
409,976
698,1545
404,926
950,1039
559,1538
727,912
436,1716
364,1556
705,884
361,1364
532,1510
731,1210
292,1644
927,1070
369,1031
828,878
656,859
716,962
775,1134
396,1204
748,954
830,1015
925,1097
469,981
940,1191
307,1621
634,1626
425,913
629,1146
448,1001
881,1040
458,1466
450,1221
938,1191
453,825
365,1804
726,1629
709,1339
704,782
560,1521
442,1241
295,1833
565,803
785,1031
872,1036
558,835
359,1551
531,1357
448,1137
603,797
603,781
270,1862
462,861
384,1098
610,1257
403,842
504,907
818,803
326,1027
368,1316
420,1557
705,1100
553,1169
499,823
579,1580
420,1220
528,993
488,1393
881,906
336,975
435,1388
653,1325
286,1852
668,989
578,1364
839,1075
607,1334
884,1200
489,1111
697,840
420,1510
421,1173
385,1616
549,924
818,870
444,1188
551,901
590,925
584,1281
691,1043
556,1054
403,793
415,1617
391,882
858,778
652,1341
634,1220
829,758
578,802
632,1352
549,836
944,875
917,940
526,971
484,921
924,913
471,832
859,919
612,837
500,1647
935,1179
727,1242
486,1207
659,1634
881,901
734,1305
559,1427
488,1502
494,1461
437,1021
716,1419
965,1146
751,864
456,1619
445,1533
456,907
576,1388
817,856
643,1042
516,958
368,1174
440,1520
357,1385
471,1689
766,858
493,1392
552,1131
604,1085
737,1393
632,1028
416,1222
950,875
875,1140
349,1859
431,1489
808,1122
680,1293
629,1513
726,1167
667,797
544,1218
593,1498
865,966
795,1063
360,1531
406,799
944,808
524,1123
309,943
435,1630
603,1171
610,1409
468,1293
857,1139
472,970
472,1565
962,1164
380,1425
451,791
744,1144
534,1663
300,1547
712,1536
958,841
913,1149
277,885
774,1047
705,1413
719,812
729,1373
968,1023
472,1510
700,906
904,1152
695,1574
459,1657
466,999
420,968
675,1177
901,1030
406,1688
644,1583
495,1058
474,1304
955,963
326,987
926,950
921,1191
561,1703
631,1444
284,1772
913,824
688,888
888,861
408,1277
759,1111
387,1740
332,1781
530,1198
702,1384
656,1475
629,812
278,1539
545,1629
878,862
559,1690
596,1221
397,1671
455,1060
374,1736
360,1789
571,1717
890,1024
679,1577
462,1075
829,976
336,1681
937,1009
681,1126
885,911
823,938
746,1026
713,1278
614,1585
788,1057
444,1357
761,1144
602,1518
672,1408
437,1028
456,1478
505,841
367,1836
877,1080
742,1165
679,1031
473,1613
276,1795
472,1416
754,1133
610,1601
492,1786
380,1492
710,1059
631,1267
499,1129
910,887
584,1058
464,844
504,1524
271,1708
823,835
323,889
720,1077
667,1220
852,1139
407,1596
471,1122
396,1652
824,1097
466,1647
397,1603
802,838
601,786
365,1181
498,1331
728,1584
458,924
396,1805
722,895
583,1193
800,1148
380,1458
522,1003
601,1391
689,1523
631,797
587,967
316,1023
874,950
517,1740
388,1798
645,1675
617,1130
783,830
649,1124
643,907
591,1486
735,819
814,771
413,1861
273,1762
571,868
888,786
755,790
622,1591
321,870
321,989
590,897
577,1437
586,1098
812,992
795,992
598,1115
409,962
652,1477
398,1227
605,881
812,1066
537,1286
377,1689
521,1662
568,1574
634,1687
432,783
708,917
347,895
946,1030
381,1827
333,1756
614,848
622,1513
664,1111
390,776
532,1518
957,1196
484,1670
413,945
565,927
290,890
633,842
911,806
508,1734
715,949
684,1326
667,1125
654,1528
585,1376
485,772
784,1077
553,1573
264,1605
402,1712
446,971
834,848
443,1296
617,1007
365,1436
392,1685
385,1240
735,1135
613,958
706,1028
464,1695
728,1243
491,1782
729,1312
682,1536
435,1456
328,824
372,1290
369,982
655,1018
338,1044
721,1523
291,1746
760,917
481,1418
445,1597
861,1064
692,1251
341,968
577,1154
493,1011
485,1003
578,1029
654,1560
898,854
290,1755
743,808
284,899
654,888
892,861
475,1206
472,1698
653,1636
341,865
761,1146
725,1289
792,864
632,1695
336,947
737,1020
496,1780
694,988
489,919
306,1480
859,1201
704,1639
447,1035
842,827
366,1115
513,1060
505,1187
392,1333
579,893
314,1519
942,1038
498,1207
547,1620
747,751
583,1358
708,1299
505,1708
292,1823
619,1224
457,1202
394,828
444,1400
561,1495
341,1466
948,797
399,786
413,1631
708,904
814,1050
476,1800
652,1501
681,1028
630,910
528,871
432,1264
382,907
498,1212
662,1372
933,1129
502,1015
428,1230
661,1368
692,861
622,1137
548,1531
955,988
461,853
378,1178
472,1273
338,1076
645,1322
454,934
822,850
478,1693
500,1362
643,936
586,1268
535,1450
666,1663
418,1229
646,1332
819,1199
857,971
469,1595
385,1526
356,813
353,1547
507,1316
336,1407
532,1733
491,822
337,1061
591,782
317,996
602,1073
659,901
730,782
867,973
465,1245
435,754
679,1204
353,1497
507,1436
784,1110
381,1358
491,788
722,1144
492,1213
928,1173
529,1173
358,1514
607,1086
475,749
457,1543
623,1248
648,1677
454,945
657,816
399,1562
282,1856
462,1797
733,1102
480,1808
442,868
607,1354
444,1690
704,1622
380,1832
781,766
413,1784
599,1587
474,1467
708,1496
638,1668
536,999
471,1368
408,876
311,891
449,788
785,797
621,881
275,1865
633,1359
314,1017
682,874
429,912
754,1114
963,1014
915,821
273,1566
818,1160
859,984
368,1693
891,920
340,1045
364,1468
903,1055
468,987
811,1187
420,1041
790,1097
398,1244
891,1064
541,1268
639,1451
475,1222
672,927
887,959
820,1032
763,980
348,808
442,1457
627,1183
309,959
863,899
421,1186
878,1096
336,1444
539,849
319,1804
886,1128
658,1130
617,872
478,1762
538,1206
373,938
722,955
675,1486
510,976
568,1476
397,900
796,1029
368,1766
699,1058
718,962
489,1393
563,1417
394,1491
546,1594
554,1125
473,1000
564,1000
672,926
427,761
397,1237
366,1659
582,1514
619,792
945,949
468,1374
269,1660
624,1516
704,971
596,873
622,1572
583,1623
372,855
350,814
789,773
656,1280
789,1074
640,1546
493,1697
531,1509
870,827
380,1456
686,1043
942,811
470,828
693,1015
297,1853
304,1844
316,1832
567,1722
429,1131
627,1088
727,1346
744,1161
596,889
471,1732
513,1526
419,1212
647,1333
892,950
598,1071
717,1265
921,808
429,1315
598,823
777,768
843,910
656,1660
484,1812
586,1645
960,817
620,1188
531,1298
649,1439
535,1012
847,1036
473,1573
436,1121
934,1105
382,902
485,1008
943,838
291,1835
858,925
366,1102
700,1242
427,1570
558,1214
392,1759
427,1598
419,1302
586,908
663,1598
736,1607
939,1072
314,1735
946,839
639,1124
892,936
383,932
716,1528
777,1004
396,1315
316,881
917,939
520,1529
766,1143
744,1031
855,981
447,767
694,1452
464,1153
420,773
865,1021
393,1626
665,1102
689,755
861,830
791,941
540,1136
701,1465
534,845
618,961
402,1422
467,1756
790,975
293,943
464,1545
864,888
375,1481
729,1177
393,807
805,912
757,1169
956,1166
355,840
908,1025
649,912
323,1011
749,821
442,1021
513,1247
506,785
404,1682
763,750
953,973
897,1121
895,970
630,1109
397,902
697,1333
716,1093
361,1792
502,873
368,1082
646,1692
665,1434
575,1667
556,1509
615,1578
400,1620
606,770
672,977
660,1505
810,919
414,1724
493,1768
358,994
388,1589
478,1156
441,1688
860,892
553,1039
369,1346
428,1018
282,1810
500,1333
849,837
726,994
516,1673
637,824
706,1594
746,1030
622,1442
314,943
878,953
421,1320
613,1274
695,1529
553,1421
290,1669
450,983
336,1030
815,982
318,1577
578,1466
647,1070
713,1007
291,1572
296,1553
873,1094
407,1495
387,977
694,1400
667,750
455,1706
371,966
614,1620
483,1231
400,1006
628,1162
338,1691
690,1441
826,782
696,967
495,1407
469,1692
489,1759
387,1523
590,1162
467,1183
365,1585
655,1165
267,1612
356,890
488,1270
381,1865
338,1031
723,779
511,1770
621,1668
628,1330
439,1112
545,1764
561,1727
760,1098
404,1160
421,875
920,968
960,950
488,895
758,1163
582,1507
922,1011
427,1715
563,760
551,1479
398,1775
732,991
626,1476
690,1301
393,1409
490,1282
797,1008
963,793
558,1746
389,1349
849,985
636,1455
367,1051
727,1132
524,1021
667,1515
391,1084
450,1182
489,828
905,912
570,802
685,1316
661,1483
534,1229
718,1429
429,1593
525,898
425,1699
307,919
567,1329
430,833
685,757
616,1172
777,1127
955,813
356,1321
296,1612
380,1017
428,1057
389,1232
887,866
440,795
322,1766
611,1457
489,869
651,1614
480,1493
698,1017
649,931
313,1805
507,1518
969,1064
265,1604
389,1820
655,1350
914,1148
300,1683
710,827
467,1783
658,1592
406,1124
480,1474
347,1464
393,1119
426,1010
409,1169
590,810
546,1503
556,1377
327,1049
535,1345
664,1098
723,877
542,793
717,1279
562,1633
412,1144
410,1408
710,1353
537,1309
359,936
844,1185
363,1823
540,1533
464,1121
771,1039
343,975
384,965
587,961
510,775
616,1662
402,1779
809,902
390,1226
737,1562
381,1139
713,1276
732,1413
695,1340
557,1388
520,1105
391,911
712,768
742,1064
525,800
519,1121
548,893
576,908
723,881
933,939
914,1098
881,911
507,1564
291,1774
828,1079
786,1012
361,1768
834,1118
379,1031
894,1005
378,945
649,1100
344,935
966,940
760,808
528,906
454,1024
670,856
919,842
397,949
961,1003
721,960
540,749
917,1114
694,946
384,1041
346,1377
887,1018
909,1106
932,1178
419,988
569,1302
287,1634
505,1183
363,1737
661,1172
582,928
632,1450
469,1753
422,1637
301,1582
398,1513
910,911
297,1821
427,1044
347,1062
659,818
526,867
682,1605
919,909
584,1055
286,1524
479,1336
585,901
777,990
789,895
287,1544
535,1328
548,1293
682,1649
654,757
613,1399
326,1785
816,882
702,1538
402,984
653,988
515,1300
534,873
363,1083
578,1289
382,771
491,1281
707,1116
726,1474
714,937
875,1004
895,992
477,920
876,935
592,941
615,1202
438,1088
364,1472
461,1372
538,878
545,1460
383,1678
575,1102
643,939
389,956
319,1004
688,1419
395,1440
356,1842
488,882
390,957
369,1069
292,1844
371,1125
361,1159
341,1760
384,1742
942,921
468,875
471,1011
652,1462
721,1236
703,1554
662,1380
392,1816
536,1706
363,1042
642,1579
725,972
348,1388
711,788
637,1254
376,1828
314,1818
776,938
448,1542
597,1515
467,1786
377,917
457,1655
542,1154
418,824
615,817
874,1152
300,953
429,1504
372,1050
712,1478
758,1097
966,1098
619,1559
866,905
548,939
900,830
625,1076
505,792
402,1642
731,851
947,779
538,1617
530,1305
667,1111
415,1356
443,945
291,1859
605,807
669,1268
277,1790
289,1671
417,973
826,1063
814,1186
957,1165
630,1066
640,1024
421,814
472,1081
547,812
391,918
921,917
305,951
465,782
747,972
817,908
861,1138
520,1698
618,1690
365,962
301,1565
536,1752
280,1590
448,1029
598,1192
637,783
367,991
510,1504
919,1169
928,995
365,1166
610,1146
947,888
388,1846
851,763
489,1689
843,773
398,959
384,852
571,1023
500,1568
683,1164
639,1102
473,1785
362,1771
342,998
734,1538
360,1612
913,759
304,860
768,1125
541,1002
581,982
374,1097
501,930
503,1216
856,923
476,1227
758,904
915,915
551,803
645,1046
453,1354
334,1755
873,924
607,892
636,1422
712,1524
508,785
959,757
938,1087
644,1659
432,1386
510,1684
719,966
583,1046
574,931
380,1504
438,1077
694,1056
443,1793
728,1520
964,1101
821,1121
947,1051
479,1182
358,1444
827,965
822,826
555,1657
904,912
716,1172
311,1562
378,1620
455,1001
757,1027
460,1045
530,1736
621,1391
934,924
582,1701
298,1739
454,1621
569,1719
578,1625
733,812
783,995
725,1064
484,1272
619,1204
373,1563
522,756
543,1201
311,1011
737,935
531,1270
629,1226
387,1452
550,1034
406,1615
457,1558
890,916
732,1357
676,814
324,1697
703,1217
970,973
451,1111
889,763
528,900
493,1175
454,860
631,1597
445,1778
817,866
330,1407
339,1490
374,1275
854,1074
563,1535
371,1759
561,809
422,1199
482,1137
910,870
557,1526
675,860
654,1524
678,1145
343,933
369,1604
388,1462
417,1594
280,1536
304,897
600,1354
614,1443
470,1546
802,596
866,498
740,572
737,491
874,551
787,671
639,725
721,502
741,663
775,286
732,649
762,277
864,500
801,605
788,510
716,497
645,536
756,669
699,355
714,539
666,710
675,315
749,274
811,696
867,711
669,448
767,444
776,665
758,296
746,503
694,646
931,734
666,728
830,577
735,597
918,645
821,528
923,672
659,456
800,547
749,518
875,595
770,717
642,611
777,532
742,335
667,547
744,533
778,259
785,534
766,358
650,663
736,541
732,566
644,709
801,748
641,558
752,471
649,468
812,402
666,341
642,541
838,511
715,373
933,698
641,426
750,455
742,361
846,730
847,451
650,313
695,654
739,570
915,634
767,280
791,477
837,450
829,518
892,645
805,688
874,603
796,662
704,268
822,639
752,273
695,481
726,348
830,612
861,582
701,468
740,732
746,595
709,489
671,723
943,700
660,446
688,354
757,447
645,338
804,472
725,336
650,346
651,319
924,722
849,443
809,468
645,350
641,507
726,469
673,729
733,427
700,546
684,656
831,497
783,311
757,688
646,673
827,558
793,511
733,595
758,432
739,377
639,585
680,343
952,719
749,250
857,616
720,381
649,566
898,667
860,711
838,723
811,570
814,677
795,423
648,328
852,748
694,596
821,654
749,294
806,526
689,560
653,363
645,446
833,439
642,547
709,405
895,570
886,608
818,498
800,399
867,622
675,436
665,399
855,677
874,515
649,603
866,635
824,578
653,319
773,601
665,458
804,334
704,647
882,705
689,299
797,391
950,747
764,641
814,692
698,492
933,692
870,714
716,603
818,479
722,374
659,625
681,576
796,708
725,378
781,360
821,695
699,696
852,665
661,405
786,273
656,476
785,437
681,322
734,461
844,553
748,690
831,637
809,356
876,712
692,479
723,518
658,563
839,688
773,519
924,654
734,498
847,527
932,660
811,488
835,742
828,522
738,648
780,609
721,324
712,448
724,305
739,289
779,288
911,710
839,637
885,705
642,646
763,293
637,666
760,387
841,502
710,744
760,640
752,286
744,458
640,585
812,441
787,617
845,744
756,687
812,387
897,681
649,309
883,580
766,520
689,480
875,546
651,604
704,472
740,532
662,375
897,703
860,610
723,597
672,424
692,463
420,718
449,540
537,692
451,532
498,518
538,317
484,745
518,359
631,580
566,711
505,561
408,541
405,434
584,725
536,303
634,431
582,572
511,446
575,618
545,307
567,399
512,676
357,585
625,717
483,405
439,637
552,643
449,541
547,618
631,427
625,455
473,730
536,475
393,533
368,517
514,302
585,713
605,673
540,307
369,564
481,660
411,642
598,514
626,589
446,695
602,590
619,383
470,374
555,645
569,421
457,613
618,699
537,511
476,496
590,486
600,437
468,505
558,322
441,460
455,344
606,390
378,458
404,432
533,495
400,653
393,562
494,516
395,699
449,744
451,345
559,738
455,557
539,712
617,421
420,471
535,661
527,465
494,545
463,596
585,305
434,436
498,363
430,452
459,673
623,478
494,621
590,592
624,415
617,397
530,518
608,712
476,572
547,690
561,613
588,297
636,481
591,425
533,500
475,550
461,319
514,686
512,315
429,453
481,652
563,434
616,659
384,510
412,583
402,522
596,308
411,401
490,537
573,706
354,561
452,424
390,657
449,602
492,310
503,566
540,528
632,376
607,731
550,529
578,505
573,376
636,626
476,342
407,463
547,561
502,303
388,637
590,325
439,639
621,533
634,362
610,406
587,353
631,510
552,660
486,662
478,735
505,592
502,671
579,593
551,318
615,642
584,368
523,391
362,528
462,328
458,338
474,364
526,411
473,681
467,314
478,714
530,690
498,329
546,340
588,342
442,514
349,555
415,648
594,680
393,689
608,351
544,674
442,654
630,444
460,370
475,348
533,445
397,649
424,574
395,506
630,543
572,417
367,475
530,515
491,623
588,581
632,727
454,524
525,541
441,377
414,458
467,468
574,617
457,637
441,550
360,600
626,437
545,404
612,560
613,578
533,368
608,352
561,742
500,465
611,742
375,512
437,423
457,461
598,714
456,456
501,536
362,565
544,588
483,570
624,689
633,428
398,699
633,590
549,665
547,455
446,469
546,494
576,744
557,734
430,407
413,564
539,714
463,614
439,440
442,379
360,562
479,325
481,670
557,622
365,592
518,367
380,535
425,651
548,474
476,308
605,491
411,526
420,549
506,553
614,740
379,587
554,475
449,532
589,386
629,351
521,572
387,660
427,670
425,649
568,634
582,314
566,739
422,540
517,651
465,578
567,652
541,554
604,622
515,674
516,345
596,627
516,732
603,468
607,337
416,635
447,446
611,635
463,409
491,392
570,465
589,621
561,594
577,453
413,480
383,650
466,723
362,609
399,434
487,480
513,698
510,468
372,593
532,628
495,414
481,359
521,701
452,631
429,374
388,542
374,640
429,633
580,505
501,428
622,482
558,723
449,526
374,463
415,667
576,635
605,353
523,690
354,550
368,598
406,540
553,727
453,456
504,304
512,534
537,331
533,405
460,438
528,357
523,623
591,711
459,516
423,399
466,319
622,579
625,523
416,694
461,616
586,371
535,362
535,578
597,308
538,596
409,742
591,557
352,505
445,700
595,577
540,349
577,535
579,381
558,584
587,340
483,702
493,498
593,590
376,610
560,422
473,647
524,545
417,482
534,613
609,425
564,437
594,414
485,387
621,516
464,500
629,322
467,371
457,530
635,674
617,310
511,628
620,502
522,729
594,314
490,636
437,673
474,708
502,363
615,598
514,528
453,580
515,510
492,582
565,402
522,396
591,420
552,732
373,466
513,451
565,516
562,665
487,298
352,573
451,578
507,422
509,473
419,459
582,345
591,353
445,623
454,391
393,438
523,435
450,702
590,467
626,719
530,308
443,618
584,319
510,666
577,498
571,629
465,510
514,554
511,559
607,547
635,667
543,604
527,326
497,602
616,425
512,439
406,468
527,631
617,569
584,506
571,647
403,737
458,437
579,504
545,455
372,636
403,594
540,409
571,339
595,620
522,382
592,363
408,640
582,654
465,635
530,536
457,536
474,345
628,491
493,514
517,622
560,374
569,696
609,655
598,681
606,667
379,654
526,491
433,380
607,401
509,443
378,639
625,437
497,557
430,667
629,622
427,669
456,348
460,499
511,351
489,603
410,675
460,741
568,537
452,632
575,586
505,646
405,427
413,398
434,448
540,479
631,401
550,619
544,495
528,732
501,414
524,407
529,562
545,551
562,723
389,671
459,551
428,426
540,306
534,464
593,561
583,459
624,428
471,560
526,701
397,453
601,578
470,697
619,550
533,663
589,595
452,463
367,585
482,376
455,629
520,631
559,692
536,328
542,513
574,747
426,580
500,380
564,709
539,539
391,559
473,466
591,564
633,742
507,382
589,530
521,592
596,621
546,596
630,708
579,300
372,524
564,455
476,602
428,371
546,642
495,583
628,419
554,377
405,676
590,431
623,698
596,347
628,416
413,527
576,732
539,446
624,581
471,451
380,483
484,523
387,694
581,705
537,450
478,321
474,321
592,388
424,676
447,472
434,531
565,542
413,673
567,627
571,674
525,405
357,586
522,600
493,536
600,735
457,677
626,463
420,641
406,603
498,703
577,667
452,616
603,712
592,370
449,353
404,605
382,586
460,525
559,605
501,546
465,315
562,349
458,698
534,726
636,523
391,703
572,578
525,647
535,649
449,366
573,616
594,639
574,615
619,387
489,463
450,431
464,585
388,640
526,652
392,666
407,704
600,385
572,520
611,654
604,497
528,359
404,495
565,317
587,366
389,543
528,329
445,411
581,390
413,397
607,299
532,606
560,543
395,640
603,420
589,666
555,480
440,494
467,656
501,508
464,609
576,303
453,543
549,350
429,482
606,616
461,495
559,644
461,724
424,427
490,745
512,613
612,666
486,645
568,626
508,625
603,457
555,492
538,374
500,688
595,376
608,711
465,574
396,527
579,349
372,595
459,653
561,431
612,548
603,697
564,687
575,597
533,633
566,745
596,447
634,494
477,748
499,525
482,492
538,366
578,631
476,331
504,739
539,507
599,418
619,621
363,481
400,431
494,566
391,697
480,570
398,622
604,440
449,539
360,511
441,477
397,586
446,638
367,591
476,444
446,668
599,550
379,531
508,443
552,496
607,726
578,496
522,300
595,434
409,681
599,685
567,359
581,491
458,619
509,388
505,690
519,469
447,414
441,661
512,419
413,490
439,379
539,330
552,538
623,675
454,432
520,460
400,631
443,684
548,365
476,545
489,522
555,422
583,532
348,553
469,702
375,626
523,671
617,382
469,698
446,631
536,655
478,702
458,577
523,572
510,425
489,454
458,478
548,591
444,481
567,456
457,745
467,659
466,348
430,588
553,631
396,669
531,525
567,427
482,534
523,556
530,696
577,372
480,433
427,555
514,701
622,472
612,402
578,675
428,415
538,376
609,417
474,690
490,471
632,329
554,727
540,671
474,356
497,449
472,680
606,421
388,537
580,677
440,363
420,547
583,348
562,512
541,702
513,700
421,462
471,659
550,616
386,673
446,725
574,456
514,443
520,377
503,708
609,483
507,567
519,610
498,468
632,694
590,362
601,706
605,414
533,571
435,531
454,555
436,499
364,529
596,430
506,640
573,354
568,378
520,412
377,467
482,675
477,517
449,618
474,561
586,305
575,399
535,428
475,408
565,560
521,384
499,339
408,576
417,406
414,499
389,456
415,446
373,526
569,566
584,308
387,690
518,315
514,574
548,444
636,688
548,299
626,641
454,395
422,658
584,486
559,686
357,541
448,382
614,346
483,456
455,621
622,461
596,729
414,474
624,309
555,481
596,694
444,414
550,709
572,506
402,632
455,417
507,698
515,326
496,407
587,590
636,394
635,318
473,317
571,462
505,340
533,703
495,463
618,426
439,655
596,466
389,589
555,533
579,604
431,712
581,681
608,574
489,715
401,580
552,392
408,482
427,445
581,346
511,600
537,478
555,665
394,662
524,742
611,580
454,665
441,680
592,493
419,557
503,326
523,424
540,716
455,482
455,539
477,453
619,419
504,368
491,360
510,597
573,744
629,502
438,560
580,405
446,617
477,486
407,551
467,539
511,374
444,469
440,633
452,739
474,320
478,680
510,579
351,538
385,631
496,627
544,427
535,560
615,407
416,623
599,715
467,454
494,460
615,693
483,464
361,489
469,719
518,562
423,729
504,587
571,728
455,443
373,622
518,613
406,484
490,610
517,393
633,509
530,617
506,614
506,516
557,705
359,562
630,725
582,672
606,373
402,539
577,393
484,456
634,303
498,694
492,394
632,413
625,502
541,617
559,582
631,717
625,689
354,518
500,440
358,576
591,492
583,481
431,388
533,642
408,694
405,538
621,491
581,356
624,548
469,653
507,355
490,454
420,607
425,611
427,488
623,422
578,355
497,432
573,692
505,519
467,735
406,546
614,698
561,703
492,494
464,314
504,431
611,629
608,678
596,744
383,574
509,506
413,740
369,514
517,362
510,662
488,453
449,399
480,650
471,320
585,628
547,410
557,488
428,458
455,462
525,709
506,464
512,446
444,364
397,536
360,578
382,487
603,730
621,574
555,744
589,491
472,421
369,556
555,528
490,413
389,606
524,495
401,725
634,418
410,739
607,567
515,414
418,712
614,514
376,556
539,558
423,723
480,468
491,691
443,409
536,736
485,336
480,489
392,592
533,455
565,633
567,345
451,682
566,686
412,741
574,342
501,579
529,322
472,700
504,404
588,576
451,670
511,427
554,738
516,645
617,699
619,573
558,581
505,679
486,551
634,649
519,305
480,712
450,397
590,489
585,318
598,399
430,524
626,650
416,531
415,631
462,388
525,498
592,743
569,465
595,714
602,373
549,683
418,543
595,447
397,661
593,647
486,710
576,568
430,415
620,664
506,448
623,742
578,308
383,514
559,714
423,440
594,734
433,536
441,375
564,564
493,602
528,448
480,686
389,701
532,453
403,485
424,510
360,485
412,641
486,307
590,682
376,492
495,493
630,624
622,713
509,485
418,423
610,641
464,688
572,621
450,411
604,700
401,602
454,458
575,588
510,571
387,515
403,476
422,406
556,567
412,524
460,523
470,678
422,725
549,377
378,520
446,605
554,492
495,421
492,360
457,486
490,600
556,683
454,737
627,526
528,390
365,490
556,399
516,389
576,299
549,624
549,663
590,372
632,440
598,705
475,679
511,432
449,593
600,564
610,649
511,330
362,602
559,661
409,710
385,680
630,399
414,447
457,390
580,593
601,657
522,655
383,534
519,727
424,604
361,499
434,513
570,604
543,308
556,717
489,671
489,546
420,459
465,366
615,626
593,489
576,645
540,707
416,553
611,496
550,647
408,517
422,439
562,485
479,465
512,371
535,530
420,427
472,634
418,584
481,372
526,705
608,631
447,461
549,415
420,713
601,717
472,361
455,510
618,524
545,696
447,707
636,418
553,603
501,339
627,599
550,729
570,515
467,663
474,422
441,512
439,469
438,397
413,515
545,557
518,530
626,704
379,633
425,546
498,418
417,651
591,392
576,677
452,511
541,356
380,533
419,553
504,498
617,394
411,596
499,598
507,640
523,606
468,481
568,564
509,641
514,371
620,352
505,475
440,396
401,528
553,640
533,626
500,371
485,638
628,474
613,620
396,543
635,582
577,598
446,723
439,664
392,485
624,591
570,454
516,415
453,483
625,355
516,674
634,527
350,564
566,389
612,562
599,487
603,488
621,639
420,503
481,536
611,508
423,696
538,744
480,341
556,358
420,716
598,479
430,443
577,308
612,620
558,719
532,711
477,738
533,744
569,412
353,564
611,687
504,682
432,677
556,685
556,465
614,401
520,688
377,561
531,436
517,422
488,695
593,348
560,563
496,446
470,424
579,577
630,585
573,438
433,459
468,545
519,545
359,502
541,709
473,355
452,703
538,449
619,730
485,720
424,638
493,472
467,305
559,633
435,463
405,636
557,324
485,718
624,329
509,535
439,498
574,654
590,382
485,623
596,698
619,437
588,681
364,499
429,434
461,625
599,298
402,585
564,477
575,337
427,455
544,376
595,474
603,666
613,633
523,620
388,544
631,527
526,650
527,538
604,703
581,403
615,526
378,464
428,455
616,368
439,644
376,537
576,549
555,695
433,430
475,301
465,449
368,616
503,477
538,632
518,362
563,503
624,502
618,714
389,673
452,357
384,537
595,389
416,458
409,436
572,532
601,523
589,455
621,348
433,674
361,538
532,748
577,509
419,520
379,463
414,465
506,663
429,542
451,675
532,574
597,603
502,435
417,712
403,491
439,623
580,552
530,497
368,498
574,372
500,462
580,585
482,411
442,515
551,653
593,606
560,571
609,740
524,297
592,524
421,650
387,460
467,444
575,368
498,480
478,509
393,523
583,592
547,510
632,735
498,744
560,680
630,387
555,587
428,600
455,673
425,428
566,718
440,392
461,484
518,688
408,525
417,705
547,677
526,424
436,733
419,641
545,614
566,575
404,674
474,696
434,532
403,648
577,715
548,623
522,392
584,686
464,581
509,482
506,545
495,520
426,685
557,725
614,638
428,744
622,639
536,382
596,733
558,669
587,510
469,389
507,718
484,691
448,477
550,665
455,461
558,359
546,431
483,711
402,613
457,498
502,607
594,532
445,593
402,660
513,654
595,673
537,708
371,574
488,710
482,435
357,490
408,710
567,659
524,318
465,580
348,513
352,525
626,459
596,480
506,346
471,731
634,577
392,618
573,397
563,425
467,739
581,685
624,627
624,351
375,552
466,668
450,352
531,422
590,386
539,649
636,661
563,566
440,529
479,631
516,657
561,649
483,517
436,604
626,522
555,586
445,582
603,739
591,697
407,632
482,712
482,530
487,454
443,428
613,439
401,571
461,324
529,661
403,687
616,660
574,556
406,607
596,488
396,723
622,538
407,464
535,496
519,442
403,557
431,656
431,519
623,677
598,322
567,385
426,451
606,356
462,512
559,337
497,479
378,530
406,625
471,450
473,744
433,394
530,644
427,651
493,731
403,510
450,490
557,359
460,572
430,470
468,621
536,395
402,462
609,486
554,428
489,366
624,501
603,636
437,475
527,604
489,405
436,473
582,582
484,436
408,684
583,601
600,375
447,342
451,382
427,411
551,446
544,498
624,672
511,544
582,341
534,596
587,474
606,615
469,575
519,536
544,649
586,401
535,380
624,547
478,635
540,743
561,685
631,606
432,362
531,733
387,619
575,491
443,412
545,689
569,427
471,316
558,647
571,540
482,626
579,390
547,449
361,531
446,478
437,461
629,561
431,470
547,341
557,447
493,671
532,554
559,528
423,739
619,718
610,415
587,635
531,437
402,662
509,445
492,717
470,587
615,362
356,533
483,744
562,710
412,537
387,688
623,729
438,501
585,605
616,458
416,410
518,534
430,631
540,672
366,608
472,407
404,738
397,622
417,588
629,423
409,583
449,490
542,480
406,691
558,478
462,636
558,588
616,503
453,726
530,706
545,320
592,648
529,637
474,610
564,479
387,691
393,480
422,709
440,354
599,348
511,469
627,364
451,594
508,704
591,506
561,734
512,306
530,367
411,483
532,437
551,479
515,632
475,698
563,748
631,539
382,555
405,492
521,729
534,568
416,725
432,671
357,532
530,731
488,709
432,585
518,368
589,693
452,370
618,485
503,332
388,453
457,412
486,348
620,482
603,560
514,652
585,545
572,357
583,383
560,343
472,331
614,393
520,736
620,724
456,678
589,413
610,302
632,419
368,566
426,390
500,710
399,475
504,453
588,427
448,577
629,615
498,595
463,424
499,592
578,691
548,659
476,506
636,486
511,558
571,471
462,608
554,623
537,441
616,546
578,683
471,734
583,580
612,702
608,714
627,325
399,631
584,651
567,452
571,411
604,372
555,525
553,448
428,647
614,316
625,710
354,560
491,412
489,457
425,650
621,525
459,623
482,742
381,600
500,630
604,326
410,731
396,711
479,737
587,323
496,659
636,735
490,505
483,653
574,566
472,501
490,641
540,461
426,531
574,748
557,452
449,535
620,621
391,639
619,640
479,501
407,573
529,647
403,731
620,620
522,700
486,531
428,531
501,681
428,416
357,588
408,559
556,423
357,567
373,628
422,720
625,340
575,728
575,627
556,706
614,707
441,502
477,573
435,640
570,311
408,599
625,702
599,544
549,516
357,494
549,495
521,685
619,320
538,565
525,555
477,533
501,697
549,489
492,337
508,686
629,731
492,547
474,496
612,409
364,489
552,682
414,410
574,705
459,519
495,443
450,501
497,492
540,589
464,658
431,578
532,401
451,359
437,426
530,702
634,433
617,618
456,426
372,641
531,590
442,351
403,453
461,611
410,401
394,527
451,364
565,379
463,514
572,485
488,391
576,366
564,722
367,523
482,570
530,373
564,558
447,337
472,703
619,439
572,550
451,499
609,705
565,571
507,468
505,723
471,524
475,591
463,353
499,416
525,509
471,491
510,341
453,468
522,334
475,631
565,733
369,611
584,682
490,317
579,425
591,712
593,661
479,702
438,661
503,428
391,540
599,358
450,723
526,496
438,553
504,419
392,649
468,578
572,624
507,411
579,427
350,540
385,503
479,367
470,468
611,380
599,645
430,684
453,723
605,735
601,468
434,565
611,329
556,381
546,689
570,602
574,469
532,677
398,613
497,707
525,631
502,704
533,444
416,746
551,382
585,553
411,437
391,489
616,657
509,719
450,727
542,571
459,565
477,508
417,601
583,640
502,396
587,441
563,398
522,586
430,543
530,642
616,743
616,747
608,645
631,444
464,383
539,546
435,714
492,669
565,716
413,556
411,591
376,461
596,594
556,527
411,541
622,410
549,417
520,487
446,411
520,409
504,642
618,620
420,682
459,737
564,582
424,428
562,460
496,644
529,389
536,361
407,497
615,666
468,354
389,436
418,404
629,738
450,658
535,352
422,661
368,572
579,702
464,456
445,651
629,593
546,717
576,351
535,610
452,704
596,600
473,712
516,472
445,467
474,556
536,596
452,489
422,445
416,545
620,459
466,417
581,469
578,642
388,436
411,607
621,421
566,676
454,468
365,594
489,473
598,511
523,634
609,567
498,711
594,529
598,624
517,345
430,410
628,665
588,630
358,551
631,439
465,685
483,469
635,394
520,593
433,396
439,630
580,690
377,559
597,459
541,376
627,641
482,560
381,505
483,333
472,665
469,414
471,405
396,648
399,726
569,687
624,723
460,709
423,457
468,614
537,541
561,546
606,336
472,611
471,463
544,514
366,606
494,381
558,391
525,538
471,437
586,618
617,534
399,430
581,316
504,684
456,599
542,370
534,582
547,408
387,683
463,559
561,506
496,593
626,741
612,356
401,537
552,586
526,358
441,555
609,598
392,643
602,599
537,710
471,693
431,681
445,524
473,688
627,625
614,728
446,343
500,494
435,684
422,505
621,414
445,429
412,601
385,596
617,516
601,441
585,528
453,698
533,673
430,695
488,343
504,542
399,661
529,579
621,521
371,503
382,472
466,578
492,638
614,652
569,383
446,342
498,575
578,419
374,600
599,422
580,467
584,679
494,527
438,432
617,437
396,627
549,500
436,622
563,634
632,410
407,619
464,410
556,457
633,332
512,376
426,599
577,675
427,395
433,662
584,620
575,743
599,629
527,635
455,501
510,409
487,313
494,741
594,573
384,484
562,332
469,370
439,460
370,593
513,374
455,593
599,621
469,568
598,380
539,314
372,529
552,572
606,654
590,672
554,536
592,497
381,514
506,639
386,671
355,513
403,744
498,557
450,343
466,636
453,499
405,449
404,415
579,733
553,635
579,326
402,652
365,541
501,398
469,405
521,427
584,548
629,711
534,341
442,462
631,403
582,540
529,559
510,428
621,672
558,646
501,459
556,445
619,352
424,544
503,604
526,480
388,624
625,648
513,322
455,511
533,336
498,310
546,437
389,635
349,554
624,474
594,598
435,638
526,611
592,382
593,314
485,706
578,439
393,598
578,401
554,667
545,637
448,399
489,531
635,575
379,527
408,461
506,555
387,640
454,569
584,708
542,701
427,491
623,633
624,466
409,463
557,661
379,524
452,520
586,318
607,309
614,713
573,576
484,687
507,704
509,304
496,689
522,625
629,376
414,411
588,360
454,698
348,552
417,455
392,575
431,598
464,336
440,734
476,437
592,402
563,444
366,498
438,561
519,680
422,449
412,440
606,652
427,593
550,432
573,595
633,670
371,506
544,416
636,420
430,718
555,736
570,541
412,727
627,622
408,566
520,601
572,300
452,437
375,597
446,681
468,584
501,687
447,704
492,620
360,495
596,637
398,624
528,346
380,528
520,323
411,469
564,435
465,717
454,699
563,626
591,452
470,309
580,304
498,385
604,426
472,621
540,418
599,739
415,679
545,485
500,467
401,494
517,581
504,612
447,573
471,476
564,689
521,627
552,667
519,668
429,417
433,712
594,457
588,677
432,693
502,680
432,489
445,534
360,512
409,414
533,677
419,704
470,490
566,400
434,550
377,555
444,691
562,506
369,518
555,454
588,499
533,507
358,572
537,413
623,467
567,636
481,574
527,700
504,489
552,710
631,674
377,479
349,521
624,587
475,537
484,740
404,585
506,583
442,578
556,576
510,605
631,508
454,566
427,627
452,726
623,520
388,582
542,324
627,403
606,389
484,407
383,594
539,357
578,391
469,470
629,574
516,682
441,438
407,733
614,508
462,603
613,669
578,326
426,402
606,355
581,574
594,579
626,382
477,372
561,550
429,455
418,569
357,527
590,364
471,353
403,419
569,695
462,376
526,380
522,485
528,464
480,621
451,628
597,322
572,539
471,396
617,551
540,422
610,446
486,325
604,717
574,716
452,477
467,592
575,389
568,609
601,410
602,308
385,458
515,723
464,376
487,432
386,690
513,633
597,337
589,645
603,443
391,616
595,467
488,645
612,622
591,597
482,647
541,616
619,705
613,701
620,725
455,703
428,559
634,361
476,382
419,633
416,403
586,697
396,685
584,439
563,521
586,658
475,579
406,597
445,422
506,703
554,657
402,492
504,686
485,675
498,707
526,526
397,524
410,518
490,559
636,653
466,353
591,467
611,727
404,501
518,329
403,680
496,684
418,425
529,728
611,680
597,427
424,391
410,735
635,633
614,373
492,458
466,329
536,421
562,632
528,314
533,428
417,536
535,358
629,611
626,339
588,601
503,617
554,472
614,637
580,311
612,467
602,424
434,499
508,383
479,547
580,322
394,639
464,596
627,569
612,425
448,521
630,391
591,544
439,629
525,480
410,429
519,321
544,724
404,730
483,579
601,454
443,716
474,594
566,606
517,402
499,399
508,574
542,563
570,608
608,627
481,501
409,559
524,722
460,417
522,405
627,558
519,601
458,642
376,504
453,572
575,455
482,639
485,498
472,542
591,393
513,536
543,583
542,439
552,698
494,459
586,445
378,588
405,505
448,387
505,460
416,680
425,538
519,393
517,710
580,454
636,424
468,741
607,728
570,734
569,607
537,305
491,407
593,483
425,732
466,552
474,355
448,736
384,459
497,393
531,600
609,303
416,453
426,585
529,303
566,364
605,620
421,385
474,515
612,607
366,616
412,548
546,595
487,718
528,736
428,509
589,319
469,373
437,597
466,323
616,615
480,466
636,344
616,583
635,481
466,741
401,728
489,694
552,609
626,427
548,521
556,747
471,584
370,596
423,568
555,556
421,584
555,402
587,739
533,650
529,332
504,485
474,409
536,440
488,395
594,621
610,734
403,416
623,680
495,440
465,338
633,736
425,385
398,520
549,603
390,512
509,389
414,665
633,389
440,355
542,722
436,716
537,416
435,652
549,681
620,708
396,473
413,590
558,318
525,466
467,347
550,658
593,491
477,672
456,490
560,335
520,458
509,333
447,447
411,690
399,712
628,743
536,728
561,557
459,390
604,575
528,422
532,561
581,489
569,528
432,595
632,522
441,499
467,453
512,557
459,416
633,350
564,329
380,635
577,463
504,591
605,313
619,349
365,535
387,485
609,392
550,394
596,609
515,356
468,485
555,428
590,370
413,429
385,614
509,551
636,527
395,685
412,725
395,560
614,642
403,686
373,583
410,627
363,552
436,412
532,489
378,587
560,428
490,737
554,405
363,595
587,301
403,647
611,425
568,325
524,621
474,318
634,728
541,731
501,649
556,533
468,675
622,403
599,647
616,313
565,600
475,477
448,563
513,733
402,551
528,446
384,450
352,513
578,633
626,692
623,308
587,602
487,537
511,563
593,353
570,363
595,636
465,413
500,311
422,523
492,343
622,737
376,528
602,503
369,526
399,511
510,557
446,486
587,516
527,706
439,394
481,551
388,589
510,744
614,342
509,709
565,508
603,616
441,636
631,456
633,464
554,401
472,641
353,522
487,387
574,501
550,748
422,737
550,544
427,689
534,721
386,528
409,575
517,335
481,399
556,702
408,657
622,519
592,671
634,528
495,326
565,619
622,481
459,733
404,657
445,430
479,744
575,458
406,555
490,634
448,584
477,568
550,541
522,361
433,538
611,604
564,631
405,659
536,604
499,422
422,407
366,563
483,360
399,446
519,683
495,547
601,407
474,461
618,575
531,654
561,446
559,395
405,617
500,607
387,483
429,402
428,381
463,714
422,459
540,308
514,348
463,618
453,500
572,543
470,302
608,416
349,506
486,311
523,497
432,521
506,683
512,666
465,466
395,721
577,589
585,419
609,438
585,351
437,664
443,400
472,538
631,592
421,444
571,494
468,696
614,486
426,510
600,566
509,579
578,696
627,375
430,411
465,702
460,592
594,378
374,582
493,660
447,727
523,459
395,546
524,591
552,303
620,677
489,608
491,439
444,406
591,568
498,561
498,401
636,441
469,748
531,553
549,336
476,314
424,570
349,561
514,476
477,732
599,471
421,403
430,502
568,360
555,389
583,449
559,628
488,312
546,478
501,526
529,626
549,440
592,465
454,339
497,703
583,550
633,636
544,618
477,532
523,489
567,372
406,509
473,339
391,600
426,555
552,697
618,730
515,370
407,682
502,377
617,572
468,693
396,501
594,576
392,651
396,552
589,542
458,375
503,506
498,462
586,675
623,609
474,547
452,544
580,732
503,450
398,462
559,672
525,686
570,456
374,639
502,307
428,388
473,518
563,745
499,452
389,469
525,613
577,399
608,654
574,734
554,587
596,496
508,382
518,602
541,326
468,612
623,444
489,551
636,300
538,362
590,544
371,630
386,554
496,441
367,528
627,733
592,449
395,648
358,515
550,304
573,646
493,351
543,645
476,473
540,647
475,556
610,662
471,559
632,579
384,493
492,347
609,638
631,745
596,499
457,650
587,592
606,464
583,597
442,689
611,335
498,720
532,309
562,579
453,332
514,567
527,334
552,479
588,376
483,522
366,578
545,697
435,431
522,577
540,476
400,432
398,477
513,674
493,393
475,459
431,601
470,569
450,470
481,721
467,526
388,651
570,455
558,569
623,438
466,481
568,393
596,662
391,508
514,541
604,520
593,319
465,596
514,726
468,415
622,500
486,728
586,512
540,525
467,593
628,550
403,665
592,561
494,715
493,672
489,384
476,547
562,372
419,701
567,623
554,658
605,356
381,591
502,419
413,741
370,609
442,720
438,387
440,356
405,673
614,468
590,302
410,604
617,517
371,559
503,736
583,401
473,563
477,689
563,541
466,499
517,324
611,536
610,509
627,319
521,460
522,658
411,524
483,727
517,631
525,481
393,559
507,330
520,590
516,639
425,602
636,299
471,692
440,446
574,460
542,664
453,701
515,672
495,516
578,532
524,710
567,381
581,605
413,537
448,591
462,425
521,546
514,399
579,378
392,657
464,431
632,515
508,441
434,628
436,609
535,543
420,560
477,434
621,423
571,458
428,443
437,395
545,325
479,529
416,665
557,640
456,371
577,455
607,325
629,308
535,538
503,569
521,400
378,663
443,499
411,411
550,639
423,593
440,434
557,523
449,491
507,353
430,400
554,726
494,694
513,494
499,350
378,511
536,533
617,549
549,708
467,637
552,692
528,312
452,708
375,630
474,456
594,446
451,369
601,307
594,371
434,445
518,442
376,498
464,387
513,567
575,633
447,390
610,561
440,562
628,672
366,589
401,718
396,463
428,407
588,622
581,458
511,314
496,605
517,480
616,578
546,592
503,349
610,333
522,654
608,688
484,414
410,732
374,618
624,685
471,510
442,661
489,374
591,541
464,460
500,428
626,651
525,485
497,718
540,429
621,456
361,536
542,404
511,518
503,525
503,512
635,331
598,532
465,548
635,664
526,566
507,706
457,474
516,507
549,695
489,311
436,695
460,475
542,654
602,538
380,628
498,336
534,388
511,388
466,650
425,624
488,367
431,592
478,376
628,413
521,705
425,588
401,734
437,579
554,739
523,371
478,463
374,461
365,606
605,405
606,593
616,574
616,571
502,717
438,647
443,555
560,733
415,456
425,680
503,608
426,636
388,597
438,699
580,708
535,643
596,624
495,708
423,736
562,373
575,502
625,567
511,414
623,501
409,674
462,330
602,470
556,703
507,552
495,626
377,557
467,618
426,690
584,657
510,461
379,501
466,679
592,347
441,744
498,729
415,512
567,346
608,447
546,604
503,467
560,606
568,485
528,584
593,662
367,602
532,637
489,590
465,698
596,674
497,437
615,627
584,375
526,466
448,610
403,482
555,488
530,568
562,577
492,512
555,704
479,457
435,538
377,612
567,573
547,692
476,414
560,479
468,639
626,627
441,517
439,409
585,463
461,694
434,453
551,663
507,675
633,615
535,717
352,530
368,573
551,735
370,575
430,495
487,379
631,656
596,321
449,445
546,446
467,327
443,672
573,398
463,673
489,462
475,426
519,359
520,744
616,632
557,593
407,681
517,724
570,443
599,637
523,526
534,371
607,402
610,723
615,439
635,398
448,421
543,592
607,516
619,670
369,531
406,697
544,469
502,649
487,495
590,428
523,332
511,616
556,714
553,624
488,398
458,637
467,694
542,503
480,430
369,473
419,523
617,741
438,435
512,682
406,429
489,319
582,352
374,509
543,636
556,344
396,520
496,492
546,348
441,639
612,628
544,368
503,651
399,604
601,414
518,322
534,628
607,601
511,311
546,381
437,366
455,494
556,588
491,435
484,299
442,667
499,605
396,486
421,660
414,436
614,415
448,700
570,426
399,724
502,375
517,663
506,712
547,621
577,332
462,532
424,736
635,558
492,475
524,686
496,479
495,521
468,462
629,704
547,630
429,397
418,415
622,547
406,638
420,426
467,534
433,586
494,654
383,528
629,426
486,682
418,605
485,570
468,719
631,609
459,726
610,432
351,564
478,362
441,676
614,522
511,719
466,693
598,686
430,425
362,498
543,316
401,614
589,731
496,650
384,532
370,556
531,569
564,676
614,601
576,468
564,456
436,364
561,547
427,548
519,363
445,673
468,344
395,591
580,308
518,681
571,420
570,586
559,394
407,647
502,517
393,627
473,555
390,658
503,730
401,696
544,452
458,453
548,362
574,446
412,721
490,524
509,395
488,513
528,417
592,600
413,705
517,727
495,378
422,510
636,659
494,398
486,390
391,528
439,408
537,493
527,727
589,365
527,520
407,430
407,673
437,592
411,660
489,316
550,362
527,612
563,349
455,628
632,330
557,413
596,516
469,322
427,725
385,636
417,684
609,318
507,743
555,333
595,716
414,732
571,451
406,588
574,626
448,567
467,413
478,524
441,535
467,316
455,650
593,428
419,647
461,512
520,585
403,424
453,566
427,633
495,489
559,555
567,527
620,539
548,344
598,359
632,335
584,658
542,569
537,667
536,390
525,592
432,398
603,675
460,721
485,567
562,459
507,582
476,597
611,667
484,630
483,697
574,308
558,677
471,635
477,679
615,511
446,488
588,325
601,413
632,668
438,717
602,548
466,338
544,730
602,712
564,660
497,726
534,304
418,607
634,364
636,521
584,316
455,599
372,583
435,621
597,332
527,523
444,678
475,462
445,382
553,669
416,608
576,646
538,410
504,567
580,390
423,578
576,347
594,433
452,528
423,700
375,604
582,637
636,524
398,533
483,699
477,609
590,481
464,386
486,493
432,462
581,362
490,594
631,464
588,379
465,307
413,737
459,583
431,454
522,319
433,393
623,336
565,745
554,440
604,369
550,549
565,654
528,605
500,339
562,594
394,670
485,438
437,603
586,550
607,584
586,700
465,531
559,343
379,615
597,514
574,484
483,589
402,737
475,380
474,521
421,727
400,671
499,625
563,468
377,610
594,536
379,635
602,545
552,625
383,567
357,584
585,596
452,519
452,683
612,516
583,661
504,335
534,520
372,633
442,566
528,601
519,654
545,432
485,692
463,384
553,732
635,494
438,407
486,539
413,570
619,649
497,736
525,394
470,353
522,633
600,670
494,344
494,346
527,566
547,416
390,546
370,608
617,427
566,551
563,709
572,437
562,322
506,329
481,612
504,338
516,334
525,443
529,394
432,635
630,614
443,586
619,401
549,698
573,355
525,305
510,679
393,558
546,489
471,681
608,357
562,728
597,341
615,658
469,676
517,521
396,567
483,552
522,342
628,584
354,572
432,641
513,427
608,467
486,494
627,627
540,722
574,442
392,431
422,468
522,688
552,333
476,612
541,302
574,743
596,509
376,569
583,564
398,519
502,709
400,551
549,389
486,481
536,522
494,707
610,684
539,560
536,509
576,524
551,495
566,447
523,706
431,724
594,300
472,595
565,456
517,323
629,606
453,530
503,518
509,734
451,737
465,441
622,558
412,644
436,474
453,695
417,554
471,542
611,322
607,611
535,604
520,298
381,513
468,739
448,714
464,374
403,619
420,725
485,574
614,551
606,713
512,331
518,644
532,442
631,633
379,602
494,661
565,482
429,696
623,426
539,718
512,467
407,571
511,626
485,413
552,622
452,672
551,699
475,598
593,310
594,596
457,407
437,496
428,567
445,483
532,572
542,625
427,492
424,591
500,479
611,614
624,452
542,419
462,638
496,606
629,484
497,423
552,499
540,436
630,726
508,738
543,547
394,451
565,648
604,603
426,642
381,495
582,436
604,628
633,314
426,511
626,610
419,707
540,359
617,571
381,566
542,726
558,420
573,423
556,679
572,503
592,696
551,505
532,426
569,389
626,440
403,726
376,656
519,510
391,632
458,436
568,336
423,565
408,736
572,631
515,365
504,544
388,495
401,586
458,354
556,472
442,557
458,544
628,496
603,348
539,385
617,738
631,512
630,362
479,686
528,382
562,403
501,481
584,452
445,357
613,452
476,336
486,431
568,592
500,575
528,599
502,493
502,461
529,397
401,629
457,427
458,643
560,550
401,531
519,365
515,692
601,430
603,695
486,696
564,543
631,558
422,649
424,648
585,518
609,744
464,404
505,513
466,355
516,724
584,662
496,722
566,629
480,682
523,394
622,446
447,496
603,482
607,703
490,486
602,471
415,481
460,387
428,690
536,457
629,538
619,492
456,352
520,608
451,644
516,303
525,626
472,723
504,575
357,531
565,431
540,526
469,306
482,369
479,452
543,312
522,507
573,339
530,391
401,532
434,437
423,389
432,625
418,675
477,673
618,680
566,366
578,695
491,535
476,494
435,412
486,675
491,447
591,388
393,556
361,597
507,579
378,598
444,601
577,329
497,443
629,571
605,530
487,624
513,725
473,401
578,746
507,604
468,520
419,739
511,405
504,650
407,606
397,510
483,362
362,544
468,343
438,747
486,451
571,408
493,429
463,526
625,390
628,654
609,564
627,597
625,323
538,401
391,681
603,453
467,557
628,591
618,553
631,376
574,510
534,622
619,514
439,561
491,629
540,338
394,459
500,447
520,550
460,360
516,490
509,456
444,545
598,406
478,474
553,608
481,598
419,622
575,416
499,477
482,652
542,437
410,659
533,374
579,605
392,709
406,743
578,348
636,583
551,619
517,597
361,511
460,569
466,604
547,446
390,551
428,537
607,631
623,660
446,515
476,390
636,505
406,567
503,631
438,693
627,523
471,741
616,727
483,396
448,540
508,510
493,622
516,709
519,356
474,609
486,373
452,549
547,354
548,634
485,621
537,467
525,564
613,683
420,669
353,554
561,689
501,350
507,329
550,484
618,704
508,471
447,608
570,314
385,572
491,309
541,669
447,722
568,420
434,544
532,580
630,310
510,337
551,413
480,323
589,406
431,698
501,499
475,395
358,585
556,600
396,638
545,501
469,528
404,531
528,495
367,500
598,623
591,339
470,526
486,486
401,630
573,408
577,459
551,299
446,417
466,705
530,457
469,432
372,507
627,562
598,604
564,570
505,530
414,432
407,490
484,396
518,597
404,468
424,644
625,641
414,663
506,676
494,676
613,336
464,701
470,603
568,676
519,608
510,549
530,376
473,323
499,630
476,415
596,573
547,320
464,444
571,415
525,328
585,567
622,676
595,357
540,369
459,497
623,305
390,481
583,734
625,405
424,715
524,574
401,505
633,511
616,301
569,677
412,552
352,518
431,491
512,502
483,655
482,738
604,726
456,604
540,693
517,389
454,404
472,709
619,385
507,736
361,491
633,662
614,334
476,553
550,657
607,304
415,705
551,662
522,735
506,442
532,701
615,480
482,505
485,464
565,608
594,454
452,423
562,402
588,447
621,483
459,352
438,528
610,407
454,533
414,414
626,655
409,535
488,299
407,474
404,588
442,540
465,551
610,693
512,459
398,692
385,589
477,454
442,685
452,354
478,494
544,744
460,748
511,723
389,613
523,597
412,467
464,378
620,401
559,655
473,650
589,570
383,568
627,510
601,396
610,385
526,567
607,305
599,638
424,693
435,635
479,660
610,545
549,595
571,503
576,477
381,527
555,513
414,440
422,537
465,713
454,617
410,625
437,452
494,683
390,514
616,304
514,439
597,419
513,345
563,654
537,459
506,580
629,573
449,645
523,670
572,523
615,600
459,700
484,466
509,518
505,478
536,713
565,519
533,656
535,629
409,619
435,559
413,686
528,582
505,702
388,667
496,430
528,663
629,483
580,569
377,547
612,385
587,464
521,597
515,579
433,634
437,606
620,594
608,400
538,306
499,418
539,412
457,384
582,662
586,392
543,702
449,610
556,441
395,520
414,657
620,366
534,644
457,459
389,664
542,385
604,734
608,547
618,601
373,477
610,452
615,616
518,471
405,533
398,581
412,586
604,382
366,511
403,636
618,458
535,635
605,365
372,612
507,299
559,652
625,462
544,576
599,372
510,492
400,467
623,309
431,506
497,618
442,417
451,627
410,726
409,654
566,545
546,473
439,401
560,316
492,353
454,588
594,490
413,424
479,516
585,598
454,659
491,440
428,471
564,628
631,626
548,530
604,533
512,340
591,369
476,563
559,606
495,389
609,548
401,562
451,735
412,534
523,680
470,338
503,339
481,682
439,721
610,374
591,359
389,592
629,485
520,596
556,372
407,637
635,373
522,526
580,641
498,580
499,689
413,609
583,315
399,722
424,625
495,522
551,421
469,552
504,448
548,420
382,635
478,491
416,620
506,349
498,690
581,431
472,546
589,452
604,422
605,309
589,614
404,690
409,621
439,535
440,547
443,513
412,729
598,371
541,570
550,695
613,565
546,305
440,404
372,560
573,695
433,641
570,340
594,574
594,334
605,305
490,544
502,367
620,418
575,567
602,298
508,506
492,357
419,486
471,742
494,526
448,495
545,580
572,626
458,410
636,597
593,551
509,629
392,543
539,429
545,446
466,463
370,545
455,660
636,411
595,387
458,714
541,572
610,675
434,408
604,325
492,302
500,572
470,349
530,529
427,456
499,311
455,349
574,434
598,352
563,380
494,610
432,621
613,385
513,338
598,689
570,441
622,727
509,446
495,311
576,473
484,359
544,640
393,581
429,584
382,660
583,390
592,392
438,722
445,465
430,531
418,626
544,359
425,718
442,584
458,400
455,604
413,708
507,610
594,327
551,362
351,541
564,742
438,669
536,435
584,741
348,562
499,599
617,661
487,474
503,338
594,358
616,690
393,713
612,557
618,403
560,710
355,570
449,647
607,303
424,627
457,432
432,630
518,735
558,652
609,390
607,349
578,412
628,634
430,744
630,493
375,651
576,583
501,465
419,427
625,348
519,702
438,714
455,472
472,306
410,553
515,535
488,728
387,522
598,471
360,524
420,465
380,610
615,569
398,538
479,662
395,461
425,571
548,297
604,329
486,723
396,605
427,521
397,545
481,299
443,629
588,632
597,318
399,490
447,366
607,621
464,498
569,431
538,575
480,618
407,408
560,661
601,715
470,375
481,446
432,514
350,527
538,652
623,394
571,717
635,388
453,387
544,383
418,540
534,311
549,512
587,532
421,576
588,523
473,480
554,349
577,465
602,602
442,591
529,713
608,489
475,488
587,420
585,402
392,555
452,394
565,479
480,659
555,451
428,733
381,663
576,402
491,308
632,345
534,729
446,630
431,514
500,521
543,457
492,341
584,589
419,594
494,705
511,357
452,578
449,345
518,590
579,721
557,342
556,474
601,343
576,459
622,324
566,334
460,486
618,362
612,710
613,409
629,713
487,375
625,748
554,715
521,550
626,415
587,452
538,418
424,571
636,359
537,678
545,677
409,490
407,536
586,366
405,409
541,438
436,358
604,691
585,623
596,431
456,434
536,465
456,323
555,548
519,402
464,316
591,622
545,720
543,311
583,672
490,339
401,451
630,397
531,686
482,398
464,446
596,455
514,422
572,622
492,368
477,544
577,422
531,667
495,297
622,308
402,434
581,389
563,437
447,411
530,339
583,445
449,548
419,472
603,682
591,381
531,547
558,413
611,532
350,562
560,617
496,528
582,441
419,556
361,561
493,710
471,747
429,697
461,336
548,309
350,566
557,308
450,736
355,499
491,724
575,571
413,487
558,400
630,386
448,675
417,524
585,719
512,471
610,399
424,729
495,525
419,705
400,614
411,503
523,743
450,694
531,725
386,539
633,357
565,432
499,405
559,408
623,557
605,689
509,435
499,318
430,731
422,742
608,457
589,730
433,580
400,655
425,616
375,505
560,377
450,354
395,587
382,521
595,345
628,480
611,689
528,393
472,456
474,541
585,547
410,743
599,601
502,448
588,564
360,583
393,557
525,472
488,345
482,391
530,681
396,559
547,328
541,359
402,697
476,562
574,663
591,409
424,603
578,670
420,411
624,611
628,466
391,451
628,350
448,659
523,683
585,529
485,655
406,716
592,380
599,641
582,433
607,568
444,530
395,703
521,470
553,595
559,585
546,507
514,472
472,622
541,686
363,497
475,685
456,543
525,397
386,649
601,640
601,520
359,541
574,660
491,386
543,607
534,330
381,460
610,429
387,676
424,721
532,378
574,722
634,605
623,640
381,459
482,331
613,527
488,665
461,728
580,314
598,740
617,359
432,463
533,570
458,476
466,642
486,725
574,401
406,425
404,532
522,297
497,488
453,748
464,611
424,732
486,308
601,603
557,503
567,304
631,406
583,341
481,646
587,562
536,439
508,693
446,604
614,531
483,355
422,686
476,620
395,494
495,458
414,448
496,317
513,385
565,359
425,723
522,363
526,388
484,434
466,384
625,681
484,505
417,452
435,692
554,612
445,705
593,453
432,614
604,359
488,539
421,455
494,454
635,524
606,369
488,469
555,707
521,574
894,1390
845,1292
782,1208
749,1562
970,1301
800,1706
797,1221
774,1237
774,1679
802,1208
748,1577
835,1554
834,1372
823,1607
788,1290
994,1236
917,1255
894,1523
894,1338
755,1455
959,1212
896,1545
748,1308
838,1554
892,1253
945,1365
774,1227
829,1312
819,1426
746,1635
860,1450
789,1242
913,1217
827,1526
766,1226
859,1562
768,1437
780,1245
937,1208
833,1459
837,1350
765,1687
742,1270
862,1534
883,1230
849,1315
945,1364
747,1371
920,1308
943,1339
821,1437
870,1492
754,1389
861,1227
799,1349
798,1587
786,1488
791,1287
928,1379
843,1454
902,1259
951,1385
796,1249
740,1339
744,1574
840,1242
886,1581
777,1298
885,1426
783,1425
1001,1213
859,1567
777,1448
886,1484
793,1566
779,1693
751,1313
808,1588
765,1301
905,1384
803,1422
805,1576
789,1295
792,1577
781,1218
784,1402
783,1293
931,1300
765,1620
988,1257
882,1418
977,1276
763,1213
909,1423
754,1281
988,1245
876,1434
962,1277
745,1259
892,1412
785,1497
886,1204
739,1483
895,1479
766,1600
780,1239
818,1453
927,1206
869,1488
829,1399
839,1276
887,1578
747,1268
770,1344
851,1508
940,1326
882,1502
828,1417
819,1323
909,1235
902,1325
852,1554
856,1260
919,1318
742,1661
737,1349
807,1305
753,1472
738,1385
958,1247
842,1364
859,1540
739,1216
773,1615
915,1422
920,1257
806,1597
866,1511
805,1421
867,1234
771,1453
765,1474
786,1552
748,1385
891,1214
925,1244
875,1498
922,1370
890,1512
898,1343
755,1665
830,1337
892,1293
766,1475
954,1369
758,1334
808,1484
910,1224
808,1411
795,1600
833,1410
764,1608
786,1340
898,1530
903,1307
748,1290
874,1252
796,1478
797,1239
925,1344
765,1593
813,1353
818,1393
808,1437
872,1458
905,1222
800,1547
756,1322
791,1421
855,1475
832,1460
825,1210
833,1217
848,1379
788,1267
741,1413
839,1378
794,1641
841,1407
777,1467
825,1413
875,1555
757,1569
737,1270
986,1222
817,1649
873,1442
759,1282
951,1334
879,1413
943,1257
856,1519
798,1262
871,1412
771,1648
777,1667
746,1251
959,1232
747,1487
740,1205
751,1543
807,1565
784,1249
760,1627
934,1244
902,1521
740,1514
811,1439
783,1646
929,1255
924,1478
772,1659
779,1561
817,1370
975,1315
751,1359
746,1236
777,1425
936,1240
751,1664
786,1681
958,1372
784,1309
817,1532
929,1459
849,1448
925,1284
802,1477
903,1323
871,1493
890,1490
914,1405
874,1302
815,1280
844,1295
752,1515
855,1379
783,1343
902,1426
771,1629
822,1265
764,1288
793,1217
843,1442
851,1275
938,1272
771,1571
800,1623
809,1637
980,1282
827,1252
837,1346
857,1255
926,1298
898,1403
918,1360
742,1408
788,1691
832,1323
863,1540
949,1209
886,1206
920,1384
808,1268
783,1502
744,1218
775,1581
821,1477
866,1517
916,1257
985,1202
738,1293
860,1521
806,1439
943,1256
920,1342
792,1639
776,1619
862,1274
924,1310
859,1339
903,1365
894,1566
818,1278
786,1322
888,1407
927,1332
827,1517
751,1278
921,1426
762,1677
866,1299
912,1304
827,1535
793,1335
900,1309
899,1497
743,1576
737,1331
949,1324
778,1421
813,1673
863,1288
776,1679
864,1573
788,1300
940,1235
790,1478
925,1333
876,1204
786,1602
943,1416
740,1398
760,1223
767,1357
785,1298
908,1467
780,1561
938,1354
760,1468
896,1501
861,1364
764,1568
795,1497
844,1378
877,1224
834,1466
804,1505
798,1274
814,1254
810,1327
800,1268
795,1408
775,1682
870,1417
882,1253
854,1568
857,1541
945,1412
797,1672
908,1226
928,1405
839,1262
783,1205
872,1348
810,1566
830,1428
920,1252
743,1424
779,1604
759,1250
931,1341
887,1566
749,1648
840,1502
966,1318
835,1277
904,1328
796,1435
914,1470
888,1366
831,1258
864,1575
953,1309
905,1258
769,1537
950,1219
768,1405
863,1249
843,1477
768,1653
821,1338
880,1520
746,1370
901,1246
869,1305
757,1322
834,1582
785,1318
979,1268
875,1369
966,1207
956,1376
950,1354
793,1539
994,1239
769,1248
859,1271
756,1332
814,1387
749,1284
903,1504
786,1279
900,1455
784,1588
911,1334
801,1295
827,1326
839,1312
924,1440
830,1433
798,1679
827,1385
904,1490
970,1261
928,1243
880,1315
840,1264
768,1202
910,1456
861,1552
883,1296
908,1270
786,1396
871,1294
882,1415
756,1549
782,1202
820,1298
934,1264
943,1378
756,1316
800,1456
859,1514
968,1334
763,1292
779,1670
887,1430
870,1441
758,1593
897,1342
951,1275
783,1327
825,1221
900,1374
804,1242
815,1319
782,1548
977,1201
834,1233
860,1202
875,1215
841,1251
888,1502
852,1403
863,1468
922,1354
760,1461
929,1353
924,1216
887,1475
778,1257
782,1386
871,1344
784,1254
801,1506
782,1370
940,1435
771,1320
768,1474
827,1342
909,1297
821,1341
875,1550
827,1537
929,1246
924,1324
759,1329
770,1444
791,1591
746,1581
932,1301
860,1487
929,1219
809,1246
921,1342
896,1615
742,1329
923,1221
777,1414
855,1506
819,1479
826,1525
761,1271
772,1333
880,1431
768,1335
745,1597
751,1372
777,1474
821,1250
859,1364
786,1516
802,1275
765,1604
790,1201
883,1327
858,1210
881,1444
878,1401
905,1387
740,1432
838,1342
750,1368
856,1235
795,1335
798,1234
829,1264
853,1322
923,1430
888,1349
745,1256
903,1390
821,1387
770,1389
902,1344
815,1582
764,1230
868,1319
755,1647
821,1268
804,1348
808,1500
913,1214
751,1444
789,1376
776,1522
767,1636
844,1341
889,1389
767,1662
837,1282
784,1487
810,1571
885,1361
913,1380
792,1636
764,1260
786,1414
766,1250
803,1270
960,1358
930,1432
738,1678
809,1346
835,1573
876,1257
917,1424
795,1671
791,1627
902,1508
822,1569
788,1396
760,1280
796,1562
863,1566
812,1703
854,1233
776,1209
827,1241
826,1347
755,1320
877,1415
931,1291
891,1560
801,1249
759,1375
897,1522
847,1413
875,1501
776,1469
798,1671
911,1401
847,1498
860,1425
813,1599
896,1516
791,1375
759,1594
807,1290
921,1310
786,1616
911,1280
907,1456
967,1219
751,1495
815,1468
913,1491
890,1285
907,1435
809,1306
787,1379
785,1451
743,1390
863,1278
851,1375
806,1522
927,1368
788,1391
824,1299
859,1358
816,1331
928,1373
821,1281
737,1299
856,1437
852,1536
810,1328
747,1608
865,1324
873,1516
754,1354
807,1297
765,1536
945,1255
896,1689
782,1700
843,1231
791,1539
807,1494
756,1690
991,1249
856,1270
828,1289
869,1453
896,1205
750,1206
857,1491
862,1235
744,1559
755,1570
956,1233
915,1439
871,1508
958,1327
782,1588
930,1340
790,1415
807,1229
861,1392
780,1556
896,1488
815,1460
753,1338
798,1224
872,1548
795,1291
914,1235
756,1454
765,1692
759,1378
938,1265
859,1288
977,1310
854,1268
760,1564
792,1515
863,1241
769,1524
947,1259
773,1569
971,1221
868,1544
928,1251
931,1398
942,1248
891,1555
785,1371
813,1298
807,1254
901,1269
867,1513
789,1252
739,1336
891,1285
980,1242
792,1504
755,1643
833,1472
950,1280
850,1223
830,1397
866,1359
1001,1229
950,1279
910,1220
908,1439
738,1233
770,1501
857,1458
848,1574
772,1365
963,1209
880,1345
915,1373
899,1318
742,1662
885,1302
793,1483
744,1201
751,1264
778,1650
800,1332
805,1681
869,1495
863,1466
897,1334
955,1367
801,1368
877,1465
944,1241
965,1301
873,1284
890,1342
901,1350
817,1243
935,1245
775,1500
842,1314
778,1574
810,1706
811,1543
933,1306
875,1474
778,1331
781,1271
767,1586
751,1447
937,1378
871,1284
790,1627
758,1493
791,1277
817,1321
893,1347
904,1288
800,1675
766,1394
914,1229
785,1285
772,1269
787,1348
866,1402
831,1244
909,1344
748,1642
814,1407
901,1564
811,1408
764,1440
915,1450
894,1224
827,1514
788,1574
926,1335
941,1230
878,1553
774,1576
983,1241
906,1504
959,1235
763,1418
798,1412
772,1604
876,1553
741,1473
986,1234
964,1314
869,1320
886,1355
780,1580
840,1527
864,1293
951,1204
794,1472
767,1216
742,1494
817,1457
833,1369
953,1294
910,1525
939,1364
743,1645
974,1243
772,1442
903,1249
835,1294
882,1536
756,1203
894,1303
981,1263
823,1656
818,1327
759,1579
954,1231
907,1515
969,1239
831,1423
775,1610
752,1489
868,1286
766,1684
797,1332
837,1319
873,1462
968,1249
771,1294
973,1243
807,1482
756,1609
795,1415
759,1370
839,1486
792,1501
790,1209
963,1333
900,1563
793,1526
919,1363
885,1299
796,1555
738,1391
966,1343
891,1281
827,1340
775,1305
831,1550
793,1419
804,1548
752,1257
953,1352
823,1624
942,1349
761,1506
990,1254
800,1580
758,1406
750,1265
739,1600
913,1330
847,1530
774,1619
806,1579
858,1300
782,1272
877,1544
741,1609
866,1272
878,1345
832,1536
984,1266
977,1296
784,1658
756,1400
799,1257
863,1515
895,1530
852,1397
806,1343
890,1541
887,1482
778,1223
837,1334
928,1321
917,1216
801,1283
773,1406
907,1343
825,1217
801,1580
820,1436
871,1250
768,1414
963,1226
774,1438
749,1239
941,1387
813,1527
870,1484
875,1447
887,1267
914,1284
813,1422
798,1393
853,1385
785,1688
924,1372
810,1584
853,1580
840,1533
994,1231
847,1472
951,1214
864,1320
843,1325
873,1241
832,1558
891,1216
765,1524
877,1500
783,1308
829,1546
748,1553
828,1466
760,1376
788,1434
787,1413
875,1383
797,1295
860,1287
900,1547
914,1268
909,1398
926,1477
833,1232
864,1581
737,1394
814,1478
867,1213
789,1262
800,1393
743,1448
881,1381
803,1608
753,1547
828,1575
850,1295
921,1270
765,1417
923,1426
812,1621
814,1609
915,1375
768,1546
876,1275
925,1228
962,1272
751,1374
742,1464
820,1348
846,1542
935,1443
801,1215
738,1517
888,1288
844,1209
911,1203
866,1373
902,1256
882,1426
786,1270
774,1365
739,1289
881,1249
820,1438
832,1324
931,1233
945,1201
829,1510
795,1358
913,1279
899,1554
910,1317
908,1211
858,1267
784,1548
884,1515
871,1229
907,1334
869,1321
848,1259
837,1487
876,1422
870,1411
845,1217
748,1685
781,1398
739,1365
777,1258
947,1229
820,1327
816,1315
843,1415
799,1520
790,1410
796,1486
886,1401
832,1559
785,1256
792,1357
802,1432
793,1669
824,1356
776,1386
755,1385
845,1265
818,1573
819,1632
951,1338
894,1520
914,1471
972,1276
942,1274
914,1433
790,1322
775,1552
857,1526
952,1292
899,1553
742,1644
842,1552
943,1238
762,1507
749,1400
756,1599
820,1285
828,1390
860,1463
737,1303
787,1310
812,1655
815,1315
950,1306
802,1533
919,1462
747,1631
820,1395
756,1537
1003,1203
869,1468
829,1579
984,1209
863,1334
789,1214
865,1316
902,1359
1005,1204
947,1309
861,1375
805,1361
854,1334
885,1365
881,1538
882,1206
746,1413
830,1338
827,1540
853,1431
841,1315
796,1353
809,1699
834,1417
781,1436
939,1240
913,1357
900,1372
748,1262
827,1386
756,1210
793,1562
799,1401
766,1693
867,1494
821,1473
780,1526
834,1452
921,1213
902,1245
757,1529
788,1570
941,1283
812,1649
776,1478
860,1471
764,1541
902,1561
793,1491
766,1639
775,1351
781,1498
909,1513
796,1303
777,1455
859,1289
801,1224
810,1330
745,1505
977,1292
871,1564
991,1263
915,1316
848,1421
785,1269
812,1531
787,1491
944,1387
934,1281
792,1571
743,1646
874,1307
788,1220
766,1223
818,1434
918,1385
879,1251
923,1441
876,1403
765,1533
797,1589
877,1577
745,1349
805,1488
927,1421
926,1440
811,1602
904,1340
770,1598
789,1273
899,1544
854,1348
887,1212
839,1428
759,1422
898,1201
934,1414
839,1416
785,1536
840,1225
742,1325
766,1203
854,1398
880,1253
855,1221
767,1294
944,1385
809,1455
981,1256
944,1219
802,1580
900,1333
893,1502
769,1226
946,1365
799,1622
827,1338
928,1472
824,1526
991,1209
906,1510
904,1251
763,1573
755,1687
786,1496
753,1229
839,1366
947,1403
846,1566
792,1393
860,1522
876,1372
861,1212
844,1279
898,1548
746,1289
917,1372
933,1356
834,1251
944,1413
906,1327
801,1398
827,1357
940,1249
814,1444
802,1395
845,1486
739,1569
937,1349
779,1539
768,1364
946,1388
917,1235
801,1451
744,1319
917,1217
834,1495
956,1313
781,1686
763,1517
809,1376
799,1389
828,1383
903,1537
824,1451
793,1424
790,1586
787,1595
934,1306
966,1297
834,1335
878,1351
864,1547
926,1241
805,1563
811,1605
850,1251
886,1544
782,1453
739,1282
958,1254
742,1597
980,1268
846,1533
834,1218
909,1379
784,1357
868,1316
774,1248
786,1430
863,1508
761,1360
762,1461
740,1462
774,1690
782,1365
796,1263
800,1630
785,1442
823,1250
987,1269
778,1583
862,1358
746,1275
935,1220
841,1498
882,1296
887,1518
876,1421
776,1377
836,1346
843,1312
835,1379
935,1304
778,1479
747,1272
817,1562
850,1399
851,1259
958,1220
797,1213
804,1470
746,1470
920,1386
757,1459
877,1310
753,1629
930,1360
854,1538
802,1401
881,1483
775,1553
899,1270
810,1402
945,1314
870,1414
798,1666
916,1371
760,1300
757,1423
762,1466
868,1236
805,1381
958,1219
776,1518
758,1364
821,1357
867,1446
750,1313
858,1285
935,1273
785,1589
815,1443
740,1385
776,1696
985,1248
857,1470
883,1396
933,1369
799,1238
895,1528
841,1495
908,1334
890,1582
763,1331
774,1581
804,1614
783,1295
799,1433
756,1628
917,1464
752,1228
762,1335
990,1212
905,1448
828,1530
886,1441
787,1538
770,1384
859,1544
841,1323
745,1587
814,1473
838,1272
758,1257
872,1382
785,1701
993,1229
740,1562
909,1432
855,1433
932,1259
876,1516
758,1303
938,1418
786,1264
742,1608
790,1572
862,1279
771,1276
854,1249
801,1288
829,1259
791,1299
773,1697
871,1304
882,1460
775,1448
777,1576
828,1510
825,1292
806,1442
878,1220
807,1363
773,1221
803,1672
743,1376
900,1266
810,1460
741,1276
924,1327
860,1257
906,1401
794,1385
988,1224
918,1261
811,1475
830,1288
760,1470
899,1498
762,1206
928,1341
937,1440
792,1297
984,1277
904,1424
745,1589
870,1366
798,1282
784,1258
862,1362
857,1581
937,1321
878,1248
925,1483
822,1309
895,1219
772,1408
949,1404
811,1220
867,1571
790,1333
803,1414
739,1555
775,1479
742,1266
774,1420
837,1508
887,1555
838,1283
886,1383
803,1213
862,1323
806,1394
814,1261
968,1310
777,1535
822,1420
767,1352
809,1327
763,1204
772,1243
880,1268
882,1242
842,1299
890,1379
951,1228
775,1466
878,1535
739,1613
794,1387
858,1421
844,1424
825,1251
767,1499
871,1470
908,1402
804,1221
944,1234
828,1285
756,1312
843,1210
909,1347
946,1242
807,1587
779,1298
863,1310
768,1494
738,1672
938,1399
844,1361
774,1560
949,1357
758,1348
757,1474
861,1332
870,1453
952,1320
915,1399
754,1509
875,1318
737,1495
893,1201
769,1692
890,1234
805,1510
887,1299
857,1577
764,1206
854,1441
811,1209
825,1206
782,1401
754,1330
983,1210
901,1497
742,1385
958,1271
834,1384
848,1288
780,1282
891,1301
777,1578
961,1210
977,1221
765,1450
867,1360
912,1475
822,1246
799,1347
842,1571
928,1330
831,1284
794,1670
849,1453
900,1352
802,1451
900,1424
891,1335
850,1284
795,1559
817,1430
809,1289
757,1476
741,1608
873,1393
855,1466
866,1518
737,1530
870,1299
918,1256
806,1536
751,1478
933,1399
885,1554
791,1233
903,1488
892,1284
833,1349
933,1367
909,1512
808,1577
829,1445
762,1690
929,1310
774,1278
824,1226
806,1315
751,1350